# Exported with SCiLS Lab Version 12.00.15110
# Export time: 2024-03-25 13:52:29
# Generated from file: Y:\imaging_core\proj_archive\DATA BACKUP-OLD NAS\#394 Nilesh and Biernaskie-brains\220927 Nilesh second set\220927-Nilesh-secondset.slx
# Object Full Name: Regions/220927-Nilesh-secondset/162/162-ventricle
# Object ID: 2f2f7bde-4927-4d8d-b0e2-4bb498d45ab6
# Object type: Region
# Object creation time: 2024-02-23 13:01:18
# MzRange Name: young-mice-features
# Normalization: Total Ion Count
#
m/z;Spot 3330;Spot 3416;Spot 3417;Spot 3418;Spot 3502;Spot 3503;Spot 3504;Spot 3505;Spot 3588;Spot 3589;Spot 3590;Spot 3591;Spot 3592;Spot 3674;Spot 3675;Spot 3676;Spot 3677;Spot 3678;Spot 3679;Spot 3750;Spot 3751;Spot 3752;Spot 3753;Spot 3754;Spot 3755;Spot 3756;Spot 3757;Spot 3758;Spot 3759;Spot 3760;Spot 3761;Spot 3762;Spot 3763;Spot 3764;Spot 3765;Spot 3766;Spot 3836;Spot 3837;Spot 3838;Spot 3839;Spot 3840;Spot 3841;Spot 3842;Spot 3843;Spot 3844;Spot 3845;Spot 3846;Spot 3847;Spot 3848;Spot 3849;Spot 3850;Spot 3851;Spot 3852;Spot 3922;Spot 3923;Spot 3924;Spot 3925;Spot 3926;Spot 3927;Spot 3928;Spot 3929;Spot 3930;Spot 3931;Spot 3932;Spot 3933;Spot 3934;Spot 3935;Spot 3936;Spot 3937;Spot 3938;Spot 4007;Spot 4008;Spot 4009;Spot 4010;Spot 4011;Spot 4012;Spot 4013;Spot 4014;Spot 4015;Spot 4016;Spot 4017;Spot 4018;Spot 4019;Spot 4020;Spot 4021;Spot 4022;Spot 4023;Spot 4024;Spot 4093;Spot 4094;Spot 4095;Spot 4096;Spot 4097;Spot 4098;Spot 4099;Spot 4100;Spot 4101;Spot 4102;Spot 4103;Spot 4104;Spot 4105;Spot 4106;Spot 4107;Spot 4108;Spot 4109;Spot 4110;Spot 4179;Spot 4180;Spot 4181;Spot 4182;Spot 4183;Spot 4184;Spot 4185;Spot 4186;Spot 4187;Spot 4188;Spot 4189;Spot 4190;Spot 4191;Spot 4192;Spot 4193;Spot 4194;Spot 4195;Spot 4196;Spot 4266;Spot 4267;Spot 4268;Spot 4269;Spot 4270;Spot 4271;Spot 4272;Spot 4273;Spot 4274;Spot 4275;Spot 4276;Spot 4277;Spot 4278;Spot 4279;Spot 4280;Spot 4281;Spot 4352;Spot 4353;Spot 4354;Spot 4355;Spot 4356;Spot 4357;Spot 4358;Spot 4359;Spot 4360;Spot 4361;Spot 4362;Spot 4363;Spot 4364;Spot 4365;Spot 4366;Spot 4438;Spot 4439;Spot 4440;Spot 4441;Spot 4442;Spot 4443;Spot 4444;Spot 4445;Spot 4446;Spot 4447;Spot 4448;Spot 4449;Spot 4450;Spot 4451;Spot 4525;Spot 4526;Spot 4527;Spot 4528;Spot 4529;Spot 4530;Spot 4531;Spot 4532;Spot 4533;Spot 4534;Spot 4535;Spot 4536;Spot 4537;Spot 4612;Spot 4613;Spot 4614;Spot 4615;Spot 4616;Spot 4617;Spot 4618;Spot 4619;Spot 4620;Spot 4621;Spot 4622;Spot 4623;Spot 4698;Spot 4699;Spot 4700;Spot 4701;Spot 4702;Spot 4703;Spot 4704;Spot 4705;Spot 4706;Spot 4707;Spot 4708;Spot 4783;Spot 4784;Spot 4785;Spot 4786;Spot 4787;Spot 4788;Spot 4789;Spot 4790;Spot 4791;Spot 4792;Spot 4793;Spot 4869;Spot 4870;Spot 4871;Spot 4872;Spot 4873;Spot 4874;Spot 4875;Spot 4876;Spot 4877;Spot 4878;Spot 4954;Spot 4955;Spot 4956;Spot 4957;Spot 4958;Spot 4959;Spot 4960;Spot 4961;Spot 4962;Spot 4963;Spot 5039;Spot 5040;Spot 5041;Spot 5042;Spot 5043;Spot 5044;Spot 5045;Spot 5046;Spot 5047;Spot 5048;Spot 5124;Spot 5125;Spot 5126;Spot 5127;Spot 5128;Spot 5129;Spot 5130;Spot 5131;Spot 5132;Spot 5208;Spot 5209;Spot 5210;Spot 5211;Spot 5212;Spot 5213;Spot 5214;Spot 5215;Spot 5216;Spot 5292;Spot 5293;Spot 5294;Spot 5295;Spot 5296;Spot 5297;Spot 5298;Spot 5299;Spot 5300;Spot 5377;Spot 5378;Spot 5379;Spot 5380;Spot 5381;Spot 5382;Spot 5383;Spot 5384;Spot 5461;Spot 5462;Spot 5463;Spot 5464;Spot 5465;Spot 5466;Spot 5467;Spot 5468;Spot 5548;Spot 5549;Spot 5550;Spot 5551
209.62855955469;40256.352191603;45206.560376117;44469.742292756;38653.559160264;39173.189713988;47886.901896041;33944.956851541;35933.002976784;24744.776456357;39044.249567958;41285.30000338;40372.871203409;41083.263158362;28508.382599054;28362.430087337;38423.265245654;42760.739579892;38853.644382636;42782.237716829;40572.658803738;46285.201836654;36910.754179546;43884.97033336;41610.392990456;43640.793670451;38277.035280005;36066.357721555;42651.778613789;30544.605541566;26717.808119911;24976.598290528;28785.018948017;34501.97418362;43357.911138673;44054.922974962;42452.369570864;39733.590175748;42863.133609121;38248.24238404;34284.959259929;34287.359243173;36392.604063271;40606.436020749;42109.222891985;45010.154938664;40118.485069118;34956.178967476;26931.896271303;29141.288958974;28815.381512612;45675.444971641;37899.853546528;41315.563218612;50636.803309026;41885.747162389;33579.445638288;40593.78538791;37236.87579594;42950.947870965;39740.085378472;39967.249901518;42762.766590658;39696.3097967;34475.482970508;30633.568827109;36897.379689565;32773.191874899;44623.256288839;38042.501890551;32295.106736312;46491.316766736;52138.977495916;47563.588169043;34004.406907202;39296.404661887;40776.2894154;38579.065955234;44014.978858461;39556.173773859;42964.035238743;40926.122847146;31729.312347786;34875.547143429;32872.466760584;29403.168088939;43906.171832715;43861.114290186;41364.984749856;45357.170195302;42059.488826351;46627.135010017;39568.208639423;35349.467772657;50363.131186535;42550.841513091;36713.5147722;42619.521566621;41779.423904544;47301.669537833;37990.759080113;28293.305148256;36394.341650045;40431.015915052;35048.593708635;40078.377461729;38363.790001834;44385.845280585;42870.836841971;43805.939893665;40407.939423557;42600.205566191;46042.025300899;45944.176375988;42203.099709362;43579.259444065;45547.501035757;44974.552861844;41379.378298875;43783.161496846;28776.996970721;25048.648566627;31932.748494911;33080.234549399;33358.619436073;47430.382529175;44147.605680831;50902.582569615;39933.466389379;35375.897553602;43534.928263501;37657.226777731;42879.435257328;47699.680995911;45581.056070221;42771.509371457;30813.760534048;30612.675376281;28958.537096167;39401.704733414;37964.344733799;37837.684080869;47959.220481898;37169.031601299;36989.67204452;46723.428899828;36873.551605558;41835.724234444;42621.734916519;47156.535741485;43966.029208669;44681.053257076;28203.922993139;36636.613432698;43136.248509437;46659.376883671;47111.762918901;42571.618585037;41191.799785535;36638.39728114;39707.973401066;43983.102235328;42939.262157141;55451.416506729;42637.399017823;44645.605018107;36419.522160151;31771.684358096;32422.754869924;50668.844595852;45740.838351705;40013.708924159;40359.068660317;44983.041101912;45074.239428816;42628.47639584;44014.720819158;47668.705015726;39169.71560998;42666.714776452;30467.238445707;36747.065765159;51176.645166355;35755.306671038;37751.98305792;41512.94734759;40566.739054539;54519.1860816;43469.343764253;51942.06531336;53387.311524358;51953.983486408;32357.497416885;36353.082252831;43380.268276183;45363.438026823;39513.958953373;41288.12469961;42516.566688189;47177.074864317;46378.696386625;49631.305344925;41741.48097877;44889.778808518;34940.495137631;49027.609623783;42516.695066521;48476.055067858;43220.481063224;39770.654741151;49534.370452877;46048.602437891;48535.729865675;46426.646724119;44347.514416919;35786.677831571;43236.987306879;35294.517014577;36573.404191464;43926.628879649;43758.19361944;47182.945026813;51973.569119951;50412.63356567;46913.794746961;39610.758457997;42989.713366589;38178.718496115;39509.613499263;41601.568530197;45111.417505051;43414.621223721;40801.179366518;45270.882557408;45629.120255325;39163.924690331;38479.667874681;37178.758524324;45799.971087385;36024.675582146;41098.909945993;40667.377661475;39048.975766448;58064.800582383;39915.460315854;38997.21763243;29973.970508171;47136.240384826;38264.327141199;46843.685655317;41758.879858951;41541.030073813;49522.603649811;53255.841854692;44309.589576106;32187.102080329;38047.621269624;38750.092442923;35866.98124498;45666.661313176;40621.256108225;47559.702459288;48953.817165045;41412.718129033;30078.87174731;35835.592955403;39466.967883886;37093.826288783;46136.721270972;47339.735572825;40746.87668752;46465.603735114;40671.98164278;31770.266719085;36430.642250376;39423.147814131;37841.146244969;45909.314503168;42414.88234664;47987.749156144;41853.497547986;39446.60774903;33983.210399638;36792.085140079;39041.763852729;40046.593915677;49818.174937934;42415.219768321;38842.635194123;44425.594546355;48854.148957259;39918.206348193;35720.599797114;43637.949630785
229.05363493112;0;0;0;0;5045.4791293514;8594.8365051152;0;0;0;0;0;0;0;0;0;0;0;0;0;0;0;0;0;3182.9113202492;4512.0843226252;0;3550.0949436462;0;0;0;3630.3162393261;0;0;0;0;0;0;0;0;0;0;0;0;4676.1862590262;0;3769.7835919119;0;0;4808.4267594276;0;0;0;0;0;6991.3239655104;0;0;1761.6198941467;0;4837.0313994686;0;0;0;3751.9882781553;5029.7855806905;6918.9809636734;3443.261782884;0;0;0;0;0;627.90537714027;3989.7089425144;0;0;0;0;0;0;0;0;0;0;0;0;0;0;0;10265.865921503;0;6717.2628521971;0;0;0;0;0;0;0;0;0;0;220.38369783749;0;0;0;0;0;0;0;0;0;0;0;0;0;0;0;0;0;3477.5235227829;3637.4746240303;0;0;315.946700965;0;0;3901.8204454413;0;0;0;0;0;0;3246.2969831247;0;0;0;0;0;6135.3353456862;0;3640.6487664514;4725.2081426577;0;0;4014.2851767185;2673.3480921025;0;0;0;0;0;0;0;0;0;0;3288.6021024214;0;0;3569.7338407334;0;0;0;0;4080.4189290386;0;0;4813.7649804971;4414.2262554775;0;4530.787277593;0;0;0;0;0;0;0;0;6021.6661427472;0;0;0;0;0;3282.3615090636;6206.9052065883;0;0;0;0;0;0;4168.9744919726;6895.2720463989;0;0;6688.9157543422;0;0;4916.620399105;0;0;0;0;0;9278.0175214231;4671.8281152423;0;0;0;0;0;0;3455.5626203033;0;7048.3954787868;0;0;3695.0573324748;0;0;0;4341.8527432346;297.85145804102;3395.4611434841;0;4768.9944386764;0;2914.8113386222;0;0;5179.7818579547;4230.7671194805;0;0;0;0;0;0;0;0;4918.7012433945;0;0;0;0;0;0;0;0;0;0;4237.5634756772;0;0;3700.7813082415;0;0;0;0;0;0;0;0;0;0;4372.7532346872;12369.924253437;0;0;0;0;0;0;0;0;0;0;0;0;4621.5777600549;0;0;0;0;0;0;3522.4625815351;0;0
255.23272548558;17889.226271722;20845.399000513;20276.606633936;13405.471469862;20163.172019133;20124.752604676;19476.505047591;11800.819584535;35902.818769025;26158.870635571;21072.428039406;23895.490764884;12751.577856002;15232.964802402;34124.800813968;19016.833794751;25150.450559185;17959.844576427;20301.878289917;29719.198084417;25039.891279598;31859.7833372;21507.41851876;24189.164428317;29349.637725025;18408.554552212;21602.673321386;20150.891633165;23446.511797102;13985.881427289;13906.557915594;34449.092065661;22427.178423593;25080.94136899;19507.781865394;19494.823483073;17937.99901788;16511.475731271;17107.732677066;17892.82596748;20286.994134872;18687.234068868;22350.460372603;26332.072407752;29216.705512446;34706.959573527;29083.302292969;17373.065704754;22063.054159159;27911.3146324;15610.833336684;17183.694402971;16820.637320688;27023.375091327;21579.23649538;20042.087190883;20281.860601856;20512.653590976;22316.884826637;17983.077565847;26898.699113897;21584.344896736;24462.458925286;25281.763616245;20653.98304047;34204.501061523;19117.833571095;19610.591805122;20375.006437071;15930.80329471;23816.277713618;23618.490986275;16278.411220909;18766.386736648;20552.872772528;21732.777862776;20714.411471551;20233.039358093;17532.939916448;16914.784568584;24914.755843222;24369.064070472;24462.857498777;33640.227666678;25337.967480263;21812.45818041;20800.86454618;18590.394873283;24358.352011997;20032.918664746;23447.806621388;20557.092438538;26418.569676423;23499.038545205;21707.107700568;17354.743115908;27246.464548688;20551.058182977;19207.217956675;24339.012004346;28840.949302764;29501.882690273;38744.60902744;21887.831432836;19531.072872823;18509.475272865;25844.655799949;34209.089473912;28015.280579519;25095.569815465;24429.475140402;20300.406845984;21708.958084671;19570.859848659;18295.379723033;25299.710293712;22031.576397292;19645.745488603;26077.750285227;30841.560067702;22257.67646447;27286.476742271;24451.505591579;20711.326609168;23851.873932516;23171.025803936;24689.287833071;17461.18280174;22342.010950268;18628.574911391;12909.71358675;20901.263799655;21287.4698407;23348.094778304;27858.317825277;27865.529472581;27720.213327778;16111.860153356;20098.466963851;11034.292307401;16558.172884939;18710.989368712;15623.006546766;16441.562135664;17987.575927351;14342.027062721;21919.091170649;23243.78221365;21049.749419643;27108.961698925;27123.430951788;24172.768009621;22383.1012078;26184.918769818;20102.574320185;18893.194371956;20207.399198779;16522.934932537;12842.771366819;17732.282252084;19465.918617865;22198.799015395;33273.188383677;19824.419840184;20835.342496387;23269.471401435;22940.881053606;19135.116328754;17710.152997997;14358.947239704;21796.447341279;17686.701442022;20633.864878496;17865.497703357;18130.182981766;23976.456994593;18246.838595144;19210.476538812;26752.691438311;26580.727680955;22644.804927377;27596.172109557;17507.098317995;17200.669085367;18216.560680249;20570.147565323;27417.744277762;17709.589006628;22437.023020283;23515.242263958;25268.030563327;24472.258682988;20039.212898024;21228.240221408;16944.213169764;20912.613159741;13165.072092545;17072.123815929;21086.425447309;19649.51691522;29152.538809652;18359.647339639;19816.461136077;24909.400186775;26953.621351384;17314.25566871;19612.465852568;19646.679184699;22344.460107898;27721.680034601;17863.415673001;17703.360940919;22760.527286201;22541.339773481;20298.920847713;18155.646648667;12261.307710271;18870.676481987;17351.602250708;16391.389313014;20092.856159942;16217.881099142;24685.581107094;19866.844096382;20391.85784542;20067.932528204;12624.772525294;15493.668805002;21700.50054383;20222.317830112;16118.288015609;19334.587851575;21746.378188824;27540.362525984;17021.976963083;25365.697181329;13901.314477545;17506.660512008;22828.343553978;18096.71894917;25990.007749098;22415.407057288;25772.814898119;20179.309478007;27527.237669875;19958.896842444;13518.599699086;16054.468815758;17185.252700749;18497.334104902;11363.792598531;23126.688053847;24811.875537026;24207.318546118;18786.739684723;17578.819308485;14566.260466217;16425.086278348;21011.400749768;17858.331874593;19419.222437348;23915.330257141;31394.372686315;11513.923826959;13438.270335871;17154.04996665;19587.345829044;19981.221406104;22910.594510756;17084.434558106;22555.205455254;19187.808713118;20804.444884705;16135.927923247;16324.4615841;20849.230349469;18061.186408878;22480.549167367;21388.888918151;14670.249981293;15401.850538303;20118.452368514;17222.759698123;17439.396214981;14772.095354778;18319.110413524;19440.857748347;18130.390114363;19149.531653563;22473.565941579;20622.074725015;17832.997203424;17232.992021714
281.24802818201;195684.21024565;169612.73390595;172039.09450064;97680.487785963;199801.70203445;193410.83128105;174872.75112689;153319.64864262;239475.46790136;239889.87989815;187208.33235399;147783.22633139;159670.93268425;96189.095333251;208235.08372614;211368.48309984;198620.97769414;168927.56586465;174989.75529223;139072.66201706;174788.19429356;200972.47765174;176528.76908991;151117.9691011;201985.8140279;185832.44611635;164738.84539664;168070.69084915;149875.38151996;125454.65039353;93702.66663342;236793.78320069;209863.49223511;187763.14673111;166306.31072474;147972.44803998;178831.1198109;161552.08710752;144562.72422477;172133.37653465;189297.49002448;176716.25632427;188524.16003837;231251.60133591;240599.94884618;263275.38130897;158203.08824297;103561.25035311;156490.41787191;259987.17950301;197036.94309006;169943.72092573;163764.81728156;205481.09131088;197798.99746552;155805.67867906;140495.00417098;134175.41627691;142117.34882147;153170.798223;196265.06855206;170177.34996539;229925.73459062;173639.220538;142790.59931874;198023.76017194;246025.29075474;203725.41276303;169671.75365984;142464.08137745;216845.84258634;193341.59003018;173133.48005464;158994.58399003;184415.06630153;186083.82214177;145495.28541383;132461.11374649;161918.10627051;185442.46385233;159363.96196463;204925.11223685;158236.23599997;202401.22611632;186823.34202818;188959.2650214;164186.04054031;130140.05002133;169885.9147942;177784.50015856;165715.79732609;150044.21107145;169544.01985599;182470.36368461;179801.01819703;136420.44695302;167724.24184584;157100.79944395;130089.49191104;246733.22616733;200096.35951227;186530.89387766;326708.86738432;193482.75656375;177476.03454423;159445.80565963;187599.0688932;179270.18151537;173540.00945426;160824.5634172;167903.65240967;118779.48306503;141075.05724341;162194.82031013;160754.76451036;131860.35623856;160970.27302405;179163.72422108;228581.80371541;201660.17974578;222202.0795554;190308.06353109;181041.6889793;150254.71810864;165264.0674371;151903.47066123;144398.81020026;144272.94458796;138604.32084972;138238.97784307;168002.57000078;138040.66951007;161305.83885826;186701.43934796;203981.98022216;242143.83705417;256111.66012113;220548.33135183;186189.7621197;178462.6684647;139353.39688719;142518.70908944;145674.91435746;132998.10349455;150193.35324763;113340.33327456;145042.29560699;196102.44157223;155912.23222527;194887.76072813;248576.01938207;225407.01145364;272487.04225601;194138.11680291;161506.86971956;151590.94570627;143503.52341152;145564.1856453;142778.04922566;145794.43096696;173062.06477616;163974.09784654;186522.14551285;187120.66299984;165847.33498379;230344.22529275;221942.54415327;139997.98275464;164172.76262556;145261.24320247;137497.25254715;136056.17047745;128764.67546348;144834.96291146;137094.48864215;145035.47639487;139843.69966915;153133.420487;185696.06964731;232241.29665227;176861.60218381;191731.41087329;142770.86702213;124934.5749984;129540.52871813;155911.80062891;172243.77097716;166633.08319376;167484.95731265;184955.5165977;179740.73098917;224805.77317541;175154.17428902;189849.54911564;137065.90273155;124666.26095995;145566.73019728;132953.00919982;155236.5818155;152984.92895638;172661.64680871;147821.97029572;190214.28471786;240085.55383741;165605.0054519;121171.76949995;150770.77477492;162500.81139487;128819.12393047;146977.43480025;167158.65737525;139792.52998546;163261.86889701;157094.45381101;218131.18263039;152266.06294092;108869.70971394;136023.75738741;155627.67260915;133949.85486215;172642.96624048;141714.556895;157534.28721102;144280.30732744;192041.34077723;189132.42444353;127310.01801246;126617.52775831;135743.77866092;147559.47649035;162767.47048395;155493.87877306;178654.60588571;161852.42506054;148696.23436625;176749.63877471;135306.41586654;150177.36781911;133632.56079553;143662.78688735;143663.83451456;124768.57367579;171944.56921468;145054.00217013;190423.50474035;170946.64868343;135701.33106187;120708.37367433;138917.99868803;126534.4677825;139125.56710321;135490.77548027;150312.17616437;176423.6780242;157646.31204629;140607.17407315;121773.11222147;117936.55632246;162675.37127218;134490.82650794;138529.11396188;141476.56335168;188699.20856708;119452.10106917;139559.01744627;125644.47818068;131597.58949761;143898.10689116;137974.59604847;142469.12280798;167171.98792726;172621.70429936;188849.28175051;109147.53452765;110972.30808889;128632.04915276;130223.58322854;147211.29480763;153154.19021629;128030.86867884;140133.96816694;129040.99064967;118442.65747562;136636.08784109;126001.31165507;134821.57258546;152982.61277667;138212.31190603;154553.62509062;148298.33403709;147933.6888769;129832.44129903;138684.47263164
282.25137114734;45081.217875123;27975.243902674;31980.238583405;14803.341261418;41621.174327081;36103.932796863;34865.754458343;33478.262676482;48627.703436778;45662.015764708;42621.383684955;38085.817944043;28806.129147664;22995.069807534;44075.008614998;34626.019573187;44702.411048098;28517.338025695;31742.398397479;27133.027543777;34605.211534676;39099.5908787;31311.440616995;24930.709526879;42551.00664837;32302.01801092;41070.326838975;39623.783979109;35155.187250958;27967.177108457;19393.432177189;44695.117439383;36693.167017973;40705.672961084;32828.626748432;31359.712317223;32705.158241718;36179.156678102;26787.144491753;34424.047203478;44707.03572524;26819.602017868;39834.442014818;49990.452930608;37627.03416547;50813.87203457;29990.337731047;20161.012952762;36575.455337317;44042.865443854;37538.637460053;31895.298710364;27692.484857304;45789.970627087;46059.640442924;35287.258753961;28324.199344371;22795.462756024;30048.904585216;26802.85610781;42955.050163588;29019.496073506;50023.436045783;38323.233202772;28421.772845239;41150.354083439;48538.116813736;36862.002204431;38256.703654379;40559.944433407;36402.806164933;37083.825640173;40838.07961184;27260.892884389;42787.262197736;34102.099354748;25634.901326078;28079.684409785;32694.750816563;34559.398976275;32547.919283408;35568.195188519;37543.922358729;31192.405593075;40797.457108549;39228.294382722;31113.923127665;32679.481851778;38195.760906502;33081.827528205;33722.973930903;27621.76842798;46328.579942834;34797.590599501;31229.41935093;29876.625164301;28182.222913728;27494.315850445;26604.184556528;44886.190058779;41030.973826238;34027.233091338;58461.031424253;38516.502292169;31662.750714748;28078.667329758;37762.349033914;34541.342033252;37265.014355521;27890.54884913;31273.470796984;25833.791966982;33265.445580406;28918.993543246;38359.702954536;21016.506345915;31317.716082039;29192.639267966;41860.549458482;39767.041826903;39507.214219158;42737.78810106;34786.363351273;26278.661088634;26629.563367646;31801.180027162;23315.051313505;28930.766774398;29402.605183245;25388.505847642;25811.305075159;24924.33441915;30244.58362188;43154.589177001;40439.83489217;56427.263220506;53681.70477292;41917.997740387;33878.044779634;32500.404510276;33187.987074308;17104.996923202;36151.709452481;28145.202890966;39998.662218471;24850.9802782;35934.65847765;41046.08147772;28168.583005475;42409.845360001;47762.752389584;47333.77966306;50360.045848079;37342.254419653;31737.515365212;36159.433194804;24952.702197661;41101.147805693;24984.668393093;31074.474623863;46626.811804132;40335.913655318;37505.761986893;28328.860999303;28504.74363578;42672.630079181;47643.074990802;28353.103415347;28576.275313651;23403.331875824;36234.654245388;40302.601264803;35089.14072245;25000.622805412;24496.343365421;24196.781301615;27459.920516252;28790.346801167;36135.10318605;40743.342424482;33017.635749751;42523.565585058;33901.633397992;25890.034534797;38189.032922877;22469.396738334;28164.363346541;35485.983986214;24620.594907864;34276.704914063;32454.58097023;43336.987581946;36101.295924954;33612.604558065;28983.287663877;19690.422445288;32556.53839808;36250.292086826;25155.59375123;34138.429498706;35647.195641914;30112.973758202;41047.622165693;44846.545310218;29894.217018646;25760.615144476;28062.213892377;34835.827768842;26615.867214504;37384.167411501;32889.312538253;32080.100395917;33138.397835565;23070.389072001;35647.72982111;28493.854073515;23185.013196628;37519.572225207;30324.651078525;26426.603605609;28450.525319628;22690.015494828;31151.091186757;26775.783091169;38218.169600721;37346.238004753;21887.759818639;21641.056684017;28543.129622094;27574.344768209;39201.090049447;25819.671460665;29869.52942553;25945.343943266;26467.814532423;37863.634683716;28353.488809267;23194.335388824;23124.929700301;35198.627956515;26475.981170843;30734.500383823;36622.421647063;27460.847415588;30372.015349513;35534.175772793;27842.475883738;27385.033400028;31387.16494408;33308.942955297;24866.080022375;24441.783267646;26143.031728658;33840.252687783;31840.607432309;30827.608650518;24149.379181363;24756.546922582;29336.477011283;29727.372654859;22448.543266836;24730.85581649;34691.517427488;23782.568839417;25365.331663343;21828.339719102;28261.600867529;25189.961952018;33136.097204528;42291.536969749;36622.628017906;30185.817379817;42014.895437816;23620.780044858;21519.794087293;22201.136949284;16293.693170454;31457.197462037;37730.061388184;29940.863751722;22774.77452246;36211.453904125;33508.238178241;24218.348379955;20484.074922799;23732.13757889;30209.671264861;29657.556727157;37943.628884329;27498.845338379;27562.004686941;31972.244749105;32388.662480035
283.24270930542;49727.120914675;54397.874374949;59811.8121027;37205.054642429;39750.015601201;57141.18654786;49032.906513826;44414.852859066;30258.396301277;44462.860864345;55068.677390396;51690.453386055;48836.827340283;10612.293903339;28332.685272521;38230.937715884;49303.68539795;45435.337211168;58251.363173971;47731.231647064;54574.728187572;55809.935275092;42575.767193517;38300.692372402;55088.607587054;39095.402509671;36089.912373807;33536.375000812;27588.207436559;20540.980410516;9916.0870592047;33180.538676076;45228.264836585;49918.107744894;47124.664288923;46242.237628684;63776.401610087;59729.376578352;45507.730436975;59793.097463796;54948.726487792;45893.287457973;47716.076821013;42407.051829532;52676.654361053;56702.761762854;28584.250936196;14698.743607595;33114.508357539;35178.858829381;63638.698770091;55621.043026177;47596.060230981;74127.380069225;64354.245758984;50179.794929016;45391.995608904;38864.823196687;48354.160788782;49136.791309658;47435.593481934;48657.452844384;44836.172447478;25040.338994269;22105.661036225;27869.358609706;36444.971638739;58968.489877828;55976.794690082;37930.010714666;75915.213768895;71989.167400136;70648.554345939;56384.222678688;62566.311845129;59176.639588451;60390.538309927;50840.309144031;45131.798119488;50764.154870892;42849.17437702;33437.717314781;21834.343627454;21414.670026443;25247.879419741;47103.771635664;48818.661001307;49374.592999414;56037.564799454;66363.109483839;64364.180925782;51864.320741626;61183.636872638;70798.394159395;60911.600940106;38556.011061301;46925.538141327;46500.525355498;40454.083034213;49092.952561024;34564.956906623;23986.479212798;54342.880193823;48303.39894561;58385.303942232;65113.048926271;72175.99969525;65198.198857821;64283.915908411;62524.249571395;68076.428211763;47465.075845352;49281.975690436;54813.803974322;56620.670264629;48619.970795868;53069.221740533;49965.590225894;28499.40386011;31237.83874661;25864.367777015;40223.780159936;40934.608092179;45751.463659929;65261.993196423;58995.5033058;51949.337582064;50277.969218886;42489.268815521;38582.470492269;60626.050101908;52606.143203914;44716.199937028;65716.866764487;43623.427222917;40054.564130818;41834.866738543;44812.45702252;47566.894022042;64255.876861917;50721.58417287;45035.807657442;40809.926462918;53161.177436559;46380.989465664;38971.087425014;38154.162243474;68377.532716061;47843.47428977;59013.023678998;53367.474524691;34354.420864336;35646.073583578;52207.392963769;60172.491176535;54650.592403833;53931.845674787;52972.544018073;40465.832689169;47842.867689663;64235.544388602;58531.496654255;57927.834391046;56400.146078928;49377.012033252;48920.359527318;46142.504342808;33460.315154365;49923.432876027;48958.213247005;54842.523414363;46594.21190904;52694.41384664;55214.994966499;56019.853193403;47756.236851856;52975.31076631;56282.545382946;51918.807185001;29208.462339246;49827.588833787;69858.557518302;48549.31031934;62931.769758647;53538.781433197;73677.085556425;85027.048647575;64487.801094872;69789.656948362;69242.243229477;55068.680088167;35630.286765311;34956.31753996;55710.133159416;48810.957478085;48460.087999684;61521.615959276;54216.353657116;58235.199828722;61991.250170877;64865.567553497;47275.156906522;46802.332166434;36408.322070459;56991.30639458;46091.341769843;61631.349441642;61884.611023729;43688.415103267;63193.217998549;60392.58019748;62243.438825502;57801.049364108;53514.249366702;28088.664017014;45408.83425465;40834.382428375;50194.054741857;58963.441090837;48639.914841669;67835.554499381;57225.166647774;55299.300796442;43266.627545538;47377.631259276;48969.195022047;46929.325314514;45392.130912722;57367.117859432;61105.118019782;64160.767526429;57401.768336218;66720.181713102;51115.545277685;42742.403789168;44974.878312595;53270.685666882;45556.304056209;44687.195190813;59248.423186896;47284.820736826;51187.03520237;59611.418993767;45434.252755971;57816.163310687;24604.381620756;59257.073876797;38311.33162449;49480.812511122;58536.798313603;66511.172509279;53096.512357121;54285.12695063;56275.086799056;22098.94841673;52953.675508173;44732.502465756;30463.656044933;55356.768851521;52759.058540925;53175.783174457;49658.757266763;56295.247731284;21073.735406679;53474.571789053;46599.93692852;62628.17388477;51414.789479652;53976.853203792;62674.969825294;53552.285596441;46639.084696561;35618.646106399;37198.488513345;39620.297604258;46637.96419641;45918.166229669;51007.788368212;70857.282277516;45113.459640251;47729.519276684;49527.182139489;36951.886862324;43970.881018222;50538.367232796;47895.963706094;59505.764161135;56760.090857852;49895.36534426;62786.432783971;51642.902052549;46531.980147028;56308.927146123
283.26374378257;345993.46837356;279032.30874474;291648.79491973;166818.91198582;298832.26041574;327527.95503493;292361.52815843;268835.53574396;285575.15240388;350456.52718805;321116.27402269;257477.87114288;264701.43364327;147230.19457978;271144.45748466;268395.61138182;334614.97944865;298628.7941594;294323.53498962;302814.82084222;397346.25763078;366141.41740714;323370.00458837;280635.98904966;387236.5414044;333601.97786228;280946.69692109;313916.95326492;245430.65101027;187354.51076868;122953.43163424;363122.25068371;307734.22215296;348348.41413889;261368.41434857;232885.26533252;360359.93864635;356963.18501955;239606.16364619;283830.87725542;298368.72453887;322994.5566197;317532.31610048;338311.6910116;419963.62713014;471303.85297296;279200.8076032;150868.97120733;257458.25551885;362188.85309644;343061.51316382;288247.94390126;277210.60334479;404963.52868944;396532.52372728;245295.56060677;206897.68006658;225604.40353115;239271.91700726;252953.54117736;282934.20263177;340559.54399642;339163.82576942;293397.73775793;215743.55877782;265526.79196151;334036.76907221;354227.31350874;296331.6691578;256407.96826324;409685.27380754;373938.1427941;356248.74576304;262144.80920702;286878.96378894;283131.81680375;283441.81685676;248441.91967532;265417.24729626;310382.58181014;262823.061396;289881.23505349;250565.39817846;250094.39021784;264988.80394863;343022.48543312;273604.3436343;245513.42695389;359448.29000227;336404.6040807;352634.95836651;270298.43895251;290788.06819957;313231.74868818;341594.76172671;217690.22255477;282827.41893803;310057.7633873;252448.17088074;339759.56231739;309504.83756251;248132.70050805;388801.13662517;311779.61194885;272485.44135148;292399.95742138;357161.80139384;321918.46269332;346218.03801023;313189.49192675;319098.60212276;209200.36369565;246452.90190414;273624.30059173;272084.60061656;252287.24602317;322254.00953998;283876.08670105;320791.56813349;323223.18772702;249077.87356776;271516.15489018;270787.73563993;262111.69957916;358033.32442665;286503.26120608;264284.71516866;231656.10089574;222522.47693142;222393.39622069;296695.09968462;280093.50656182;301841.96796753;350242.61608554;292329.95755029;348782.83600311;329965.04764381;286165.27215697;309583.17994373;303883.03214749;307455.25061397;248561.75492331;231968.62687534;243164.07581994;284994.40110956;200390.09493369;271944.83666154;349002.33566319;275803.94433456;337861.55931668;361725.58212415;298998.48328953;311249.68853086;318293.0797651;249826.31226251;294324.60780056;242055.89965095;245296.25936929;234475.40685445;231740.99520508;338911.16756163;315660.94895596;321233.45197503;336101.20517959;316273.56447651;280731.13369898;290210.93726304;249136.04939004;302408.69003791;233035.64630321;229823.98516474;234781.54857424;253129.77309856;260968.74769235;244821.6339029;250643.59936204;262615.48827781;313435.03556115;308930.47541628;264173.69372681;279596.83600967;382528.53189162;237873.06278365;225386.25330357;231894.71237566;279765.8230423;327823.12468475;330834.68049115;329083.70824718;339690.48013702;307350.49441776;278944.96432031;277768.81339831;313946.77327796;253385.40852751;232686.59645504;277083.61794029;251803.25345969;268765.9281047;299341.53300444;322843.71814175;265717.79375224;331953.75539737;292267.28515837;299079.46935931;232249.48348766;284207.16545471;294636.73324998;240333.47912962;281004.88642354;321239.86012728;278014.17301466;288608.31773853;272406.89139002;240914.17330155;255329.37483955;186134.84268444;248190.56093303;263328.4034143;251163.75435647;336486.73180126;266986.82230942;292648.09747808;294579.00669619;255844.32085671;303356.31195547;213348.85070182;232586.78025421;227399.44151824;289707.12991191;338859.08098613;308452.4516278;333055.30277492;326653.70089717;240094.67461388;275903.78757371;243959.95770517;251318.85851487;224705.46092151;290041.93893637;252001.17675547;233273.54785526;340344.84975685;285210.03651079;306131.61395456;210478.55433289;267604.75981006;211951.95009228;230831.50772901;248519.17823535;297064.97411298;263365.01587345;278568.37011692;307311.70074299;215935.36568403;247953.56765236;218718.01203624;194729.88777602;280736.18946216;275428.06766815;261892.79893957;265818.71413288;308745.36676975;177840.06908392;239673.23089217;208696.2751907;247880.63016277;252235.94381925;265461.21195284;261475.79443204;343049.03653797;326466.58125917;228225.89893393;211804.8063886;198907.96544106;238888.14717173;240018.86121071;269200.57756239;312795.20305501;261099.43722033;248908.90848356;247235.56910946;222261.17635148;236777.32856738;226132.78759771;249344.30989109;302400.79901675;272516.32168707;297099.13109943;308614.71681222;265854.50141465;239999.23137954;266859.32031932
284.26705034744;63056.712930933;49769.175095747;58169.123576517;33974.50019428;51992.418707976;71555.159439939;50072.555356899;53142.210896455;57299.034762168;69448.263056836;55243.382025544;51112.850240637;48097.282087226;25137.601724181;47620.393410938;51238.043073653;76298.973410376;48608.120724035;55562.105034376;60138.005998122;68541.387523798;71196.711361166;54640.030671417;53775.377184903;72257.286061939;62980.168928757;51236.919934802;60207.977996949;46520.123362177;34567.69888501;27673.005518853;59983.553062572;68662.86678199;62030.34534212;48250.586550038;41057.011515525;64770.743879324;64902.287864535;47259.525624701;53594.712161773;58456.313996154;57707.741400628;55094.921050133;59474.565396866;69573.876513959;87734.710726745;57195.980407867;30682.731235954;48959.116305552;65989.245203192;61542.505490018;51392.787227198;41293.710197994;66634.4418469;82161.356567785;57061.097960367;45346.682348451;37762.73621082;43524.072216842;50086.557418143;51697.265632372;54758.584340227;65880.804709703;56470.513869771;43964.894297141;51159.298925848;59436.788941273;58932.104811093;54455.416287339;37017.887715938;77436.629370126;71904.820138533;54829.245728192;56218.486966753;57244.957143607;60822.52467452;49930.535166707;52183.389237777;44160.246967443;52025.29877578;57685.56665246;46315.942247908;48916.675051958;54909.875648157;46810.03116947;59104.891557153;38810.136633182;43673.242647149;64910.065657417;65104.951158034;62861.980009338;51437.75234798;58956.76449152;56532.016802485;69668.344464175;40390.686529329;47240.950118578;59362.269628428;49197.85175915;61357.9518263;63876.254557789;44764.785564463;74906.143450127;54734.477367625;57919.823058196;56740.604998726;69190.619277297;64083.304087401;58560.684084642;61666.949899406;50938.211069037;40510.716026955;38382.546525581;48681.562112086;44797.466855721;44838.434298612;65182.022149146;51312.049290603;64742.773171507;54887.925864163;48760.36065626;51444.795176922;48852.069868141;41384.729518395;61862.960385034;56117.645525135;46134.004105733;46227.295028079;46504.17623885;47814.469506145;60648.937099573;50726.139598194;46385.264204621;72276.572221673;56047.485500816;66897.917740632;73833.527799813;47337.68771739;59153.709115239;61290.63637309;56383.364968332;42703.710832725;45023.058943862;39007.349050983;43737.138200353;41589.878471084;46113.797845292;63429.17014474;64942.540904488;57015.815624478;74612.338708441;66922.937361379;63217.53159924;53426.681052928;42142.530388244;53346.002087244;45192.41957036;42003.767304968;38330.00486343;46654.399656853;56546.583319942;54109.913700195;46252.082111077;58449.494050644;54866.446305227;58954.148307035;44932.391981109;53062.465409034;66414.114552566;42077.527874222;43729.429320213;34302.490818198;48383.298284897;40608.359252853;47295.32209273;46685.096586913;51666.951397742;51570.477650199;54957.342913334;58017.267455945;52829.909762838;70672.769671394;46856.239858994;41722.458749768;41194.474885282;63947.929920152;79729.845684712;52254.072321096;55054.340603765;65793.628915195;61412.797457163;51638.537849788;57849.691169116;59483.729956404;36271.091227674;38197.046171421;47445.764104235;48382.806846336;50552.017659237;53387.271623754;60588.71653715;48954.216778121;56073.785943857;50978.267958793;59003.013680218;50720.349714211;50437.257726583;50284.359131488;38981.217010807;43792.4972135;55030.815948794;55787.802243089;58198.824889113;47639.498843102;49182.047935789;49496.882026017;38039.888705138;39033.091883799;40323.85200718;42728.375462195;61581.404464561;57512.766467071;55856.092704741;48782.804366255;47868.782087383;58046.877004857;48248.778050958;44437.834033437;42895.102404719;47574.507256849;59485.473369651;58774.838212976;58309.186910811;59686.695806868;51806.771375953;49046.73789007;41932.777146933;43200.275971127;46111.618930124;57410.658285091;59649.857527253;44809.734558849;59377.097159183;48705.520094511;60529.910664597;40523.600703737;58704.275817834;42265.378151152;35936.566915454;53802.74778344;67162.813679403;50304.318873482;53200.9100239;56111.455455531;39118.927477741;36336.542391574;40520.119449274;33947.147958641;45839.559393001;46906.885119683;46820.550098809;58674.360070052;56248.516588751;29432.535142384;44694.471110841;42856.391381089;50512.493251945;44983.753376465;46582.302175853;53996.816741979;62056.339414342;65018.689648247;44039.950421321;36183.768821695;33857.977193995;34397.47456317;44609.611983514;52931.52590526;61865.516667955;48188.931238836;42273.059955225;42774.287463355;40853.254737091;44494.921956097;42084.60185962;48308.335765706;53429.716069672;45651.421715308;62474.289601365;63090.833759347;58826.300933381;45253.714418666;47461.012803099
286.97742337805;784850.69888027;1028986.43399;956668.93220863;839408.94260575;847126.62772974;715645.29529689;675077.52462708;739156.22039216;668156.23440188;894720.18432852;907980.83701171;910632.1396562;885830.42907554;538499.56844904;570134.26884297;700967.95480992;902521.99799368;893973.21751992;738228.77561934;773585.30570198;991036.6030095;594640.95203923;747547.00401568;738457.75804127;486415.56687064;646611.79167623;462730.26047631;430211.4529269;496763.61487059;594938.56927117;495674.07988689;729657.3071695;685796.93065992;773941.75245491;849530.55813317;989822.51500817;1097579.3837091;754203.18494515;1049212.1266154;856301.09751947;638568.05715143;683493.18460892;698512.25729527;690195.78034521;588783.363369;606235.16434655;648690.29378242;468256.64473862;564978.50413186;694792.24105923;608748.90459523;718403.75301894;827436.32556833;1119901.9600291;728636.45878322;914343.64403689;1078788.1008718;648533.02677703;766958.12712759;677034.78790589;716371.3602893;650417.99044703;550998.3217149;559729.41243421;666229.42378207;825202.91079788;566054.22183195;720128.60113362;843439.29476823;965088.81695172;764993.20430904;798286.59252362;704979.22542847;984801.35467102;1024698.9472257;914157.47620374;702950.93360678;808626.73730653;748909.19710032;537267.95556438;541807.77397822;588801.40022677;619047.8727334;762409.44202781;732711.79965908;809821.36490238;825751.05413031;1018014.675942;597821.95553168;692164.73828428;846542.10694096;799039.03451334;636548.19805212;621538.25044967;633152.35669503;794692.50951317;694372.72807495;581230.69188219;510028.54293472;564438.72707306;678528.27159027;658505.37912968;964317.27826041;794725.60653414;908723.91798542;1133166.2147459;1197238.520108;1336382.2882289;899598.81857821;824917.89430663;806725.67488754;1042485.5893608;802936.90141225;664557.62180526;770992.14072;640451.17159685;696170.76220693;598404.54490095;771453.55045127;752521.42297141;817960.89110881;916404.13397631;634830.27842032;781919.21344294;704345.38672122;704856.17558126;990542.79036251;966233.39300709;670870.42900736;544462.62212136;589002.94461558;671164.79892719;705512.67425211;614359.65677418;515218.57016146;706712.70046148;732777.25162677;741368.69294114;889682.97594112;719338.96956979;830805.12052068;988759.01569425;1010126.1043621;652755.36760213;571586.14032933;610397.95554741;707174.07629969;626026.15541812;627007.42432745;679279.16442458;625935.5546311;701791.79123712;884162.48840831;947567.24019631;882095.70750273;701257.44269098;870584.11560733;885326.0948063;812961.96889168;704516.46499226;748571.28716238;652433.17862766;728705.62000178;654599.06741814;615777.04318462;741260.37005669;864074.96043078;693901.96202229;759613.52721419;759469.80751187;900004.55274119;761499.37303748;584788.71288486;699055.34052302;711404.4922763;668347.03057082;621879.32125035;552765.46122869;719872.18796381;811452.12253662;706213.18026862;795372.07138408;916029.52428427;689159.08737191;756274.51591085;632129.21415621;595924.7469059;507220.48487115;702865.2221426;587736.80714226;701852.86918989;854266.68289084;828144.61576912;777445.9200257;711433.42086841;785843.72510399;597683.67562093;754411.81712514;510504.75079007;531172.94496207;668079.23924546;689591.27646666;814627.63234278;794817.13189566;785588.39777775;645262.23581176;653917.44500572;829138.61512772;692609.91382281;677226.3857101;655650.80878113;594744.37632549;639969.91022466;628345.62973539;851752.62267253;857827.32151752;697928.47051652;747572.96043409;820389.52993654;639161.72960001;596456.94823309;694028.93223635;772527.16071403;753891.98173819;939263.67559077;993345.26681283;638835.00248319;577030.8165652;742484.69695172;698194.04277551;525191.5830728;469254.24721158;716559.67465269;942063.57710843;932224.49021513;1063767.9285577;578838.26869765;611603.62644062;782067.42640534;758335.91771629;614928.6900902;578983.78413856;743683.8444933;630910.02298846;850674.23685291;984669.9655924;654440.21346638;763084.51799296;765063.22777285;566342.85318345;600369.8313542;728942.20906363;802003.33940421;813683.95433095;1029278.4834468;657130.07609852;684837.80429438;927877.32530857;582190.23694821;686183.82571886;761428.11023463;677158.79982298;852691.8208104;1161740.9701598;582118.45706635;897070.51870955;607033.3667864;732250.89521112;877228.31965476;704574.35613017;707850.4765036;588838.25428333;917508.36784703;646174.43292138;725773.11229383;741037.00822526;586021.45640048;750644.06908523;699099.73796204;823932.62218897;875046.47210425;600403.72223894;590403.4299339;465044.25684346;626037.15811471;894106.93624209;673300.04593997;878996.98363007;815546.69018376;880215.08222519;707454.04683461;790111.66891764;987021.54131584
289.02837115647;0;0;0;5098.8291661032;0;0;6017.7131699798;0;0;0;0;0;0;0;0;0;0;5778.2717988155;0;0;0;0;0;0;7723.7327876597;4709.925917761;0;0;0;4123.9184849917;0;0;0;6124.6625785826;0;0;0;0;0;0;0;0;0;0;0;0;0;5195.8253479453;5731.2409296883;0;0;0;0;0;7095.4990996746;0;0;6690.399257103;0;0;0;0;0;0;0;0;0;0;0;0;0;0;0;0;0;0;0;9233.6051916324;0;0;5945.9998996691;0;0;0;0;9322.6311302312;866.47778882002;0;0;0;0;0;0;0;0;1315.4936044742;0;0;0;0;0;7652.299603485;0;0;0;0;0;0;4666.9965311805;8432.987648725;6205.6629280085;0;0;0;6069.7309385474;0;0;0;0;0;0;0;5063.3585126941;0;0;1389.3387963234;0;4552.6152991438;0;0;8790.6770396812;0;0;0;7665.4427624547;4740.8262259015;0;0;7272.926363879;0;0;0;0;0;0;0;0;0;0;0;0;0;0;0;0;1803.1979212299;4766.2057039134;0;0;0;0;0;0;0;0;0;0;0;0;0;0;0;0;0;0;0;0;0;0;0;0;0;0;0;0;0;0;0;0;0;0;0;0;0;0;0;0;0;559.3436802517;9141.194808811;0;0;0;0;0;0;0;0;0;0;0;0;0;0;0;0;0;2675.0502613467;0;6606.5083873386;0;0;0;0;0;0;0;92.216859985975;0;0;0;5316.8360292702;0;0;0;0;0;0;0;3011.2489229458;0;0;0;0;0;5704.5145090687;7963.0974645476;0;0;0;0;0;0;5683.7210047191;0;5841.379210939;3539.5560597367;0;0;0;0;0;0;0;0;0;0;0;0;0;0;0;6283.3265386228;0;0;0;0;0;0;0;0;0;0;0;0;0;0;0;7816.0443777677;0;5507.5966824354;0;0
290.08751819512;130846.59687635;64442.563358112;83665.048246658;79614.247788296;72194.874869834;106521.68668395;102360.90763708;83166.815999188;46973.078266716;84096.39644521;88250.383719591;87811.937404698;109270.2506329;29690.019443615;34181.363260111;62279.608889232;99057.201323599;79047.998789561;94037.628674716;77265.624977192;98270.406873602;111897.74968622;82601.252672261;73710.365403956;93292.552712233;71591.905186258;75781.250773158;80786.997619637;30049.451213046;27156.949973001;29589.083774578;53756.690843423;71248.752264844;94409.198132156;93765.52908818;102155.65968751;147354.06568205;131240.06205377;73909.434177599;96041.594973295;80285.760061627;106466.05520408;91979.57640027;81461.733037619;100105.34835078;104549.33480497;56603.813745632;22835.839570586;50287.581528187;78670.922870748;120458.39695948;81454.845633502;81623.751883217;134325.50915591;148177.61625488;75385.957260539;81917.372432748;95812.741887298;94072.550438161;91786.046779276;69061.532078623;78981.155425197;98993.925146766;56842.472007625;32136.030806046;34879.876997051;84637.344525831;94976.407755466;71258.588078875;73253.069373552;162029.92567954;151171.09734491;141129.84248734;91166.953071489;106950.87337185;102548.27661441;100839.45773786;71674.033809486;72640.07810271;83544.710552026;97494.45556892;67702.36138507;28890.920928695;40574.449777552;62023.432833771;99950.62558562;69829.578334751;92499.253368353;206214.92145468;140953.47735041;121538.71350307;126380.5460619;121538.60652028;132906.13874037;145738.67779042;79940.30273448;83840.639102163;101101.1015668;99157.31939466;66410.952539471;64289.375325258;41111.298174066;59545.550433757;77403.668099607;87950.091490964;101208.00685543;142174.87565041;111411.55471043;115128.67987697;121916.08034868;124956.20021675;94801.849257641;107504.81918352;76698.455329842;76216.12297095;82102.189485787;101826.59789289;79685.232302447;86446.287741518;69691.573043806;42450.856861355;71891.817966487;65296.487690555;82849.038307062;149140.42599132;116162.75720583;92284.959817893;84338.582962218;79165.58386696;71707.561322576;96547.195095863;94108.667629955;106885.09453888;133775.05204233;99991.580391878;68048.660376068;50529.287259607;62040.063788379;79013.557619848;97374.59467821;140695.84507417;106239.417328;84517.399273789;92604.300838641;135140.35410868;82637.892365354;90567.529049514;133953.49114171;98494.172881077;83807.34187836;104908.83544745;75503.419593337;73414.655730149;96740.53324431;95711.802802211;98180.552643212;67807.150320723;73259.897099814;65459.272129605;83184.359215497;102206.11907154;99155.378442467;97765.877593214;100564.95841985;111457.32509197;79017.471201577;57680.255545726;80837.025031865;120181.65782586;95294.194307892;74515.356280416;90509.238411614;92207.649144197;115967.87679072;125097.86987936;90254.079766823;110142.49020103;101220.39558752;87377.911944408;48176.905234531;81366.470481841;150682.78144027;69780.827964633;80379.445193399;111168.05199661;110584.77254866;133762.31462442;131103.83865929;128275.82694846;141620.69086096;109032.062039;76195.699452765;71493.107812868;127518.23093603;71339.961139831;87587.763633827;77869.198486815;98437.988517618;110604.50770899;129091.81986858;131193.78733608;74617.463844486;107060.94672529;90001.197702674;120654.7299589;78589.525586474;92168.161655206;74922.309273623;85034.361047562;103500.29065518;89387.892779978;122286.86858919;90105.289919734;121539.93256747;87195.552890232;83580.330297906;66111.971884551;85914.414722194;92583.147046385;96854.528175774;110707.63910038;81164.368683837;95544.391621292;110392.85293439;80388.958472915;77134.200036639;78148.948663642;82167.397302271;72528.222449326;94423.558532513;121387.00494117;113401.7070653;90076.986861822;100519.86158314;83651.135989156;73419.197317029;83925.909073732;82694.111414426;68544.483372359;71501.161853819;104365.55230792;110272.5633175;151287.22950792;96368.486138386;108683.08385525;63526.789812274;98435.586230196;79103.213061341;85931.243568969;110425.91073273;111706.72160614;118541.23617227;90516.856582275;88451.523569027;69926.11574234;80599.126314011;71807.999735029;56025.269743186;109179.93360821;97350.985071636;94997.243955433;109341.09299097;136065.35818063;65031.600985437;76233.993176998;69965.876029216;81950.522507123;82081.812930771;94601.488870085;115386.45393271;112988.16980654;101468.92507549;77019.117455572;66350.631997067;70956.572958858;61885.149947245;96748.957263281;105371.96487341;141220.25453843;98896.355171381;95906.253785436;101426.04821993;92763.579519835;107617.62016129;95319.497867914;94280.857867513;129941.22167948;97555.357825635;121128.16714441;128292.16899486;110502.2447103;93293.60109001;85573.901283062
300.03881791912;14850.518721022;14911.731721375;12216.326481191;8101.3253351711;12989.9120696;9664.5174807943;11044.104445217;12211.018452429;18214.321050303;13563.645694456;10008.910823356;8726.7416631036;12368.051486129;8737.2799301326;17593.302187892;9621.122389933;9628.2336375551;12105.986502519;12655.236192942;4800.5697141575;11413.730709772;13334.693894549;9571.0237957251;15972.964035254;10926.426765306;19910.260334046;16370.944811498;23749.721842638;13002.266258451;9937.9211541014;6115.6526674403;7146.5518024257;12578.433314101;9606.2887922952;8431.6478635074;9068.0723437667;11515.463228526;9379.453226407;9179.468073839;15768.591291528;18460.314016088;13383.473625671;12487.146796806;15534.017211141;32848.020791694;21612.18716404;10353.982610101;8404.1679110096;12540.213378856;15602.771648805;11043.433347661;13600.876140757;11827.597351496;8817.8300067054;15137.214539463;17294.660954416;12113.025640213;15897.752802805;13860.557310622;17345.831780179;15067.560515696;11675.742239305;8714.7864995739;11642.257908316;10447.283424958;11862.248506407;18708.949685223;7456.9868915224;8835.6385020171;13095.785316822;5419.7334001295;14196.215920991;8612.7576803877;14099.314172923;7719.5253528908;11452.163236757;8490.686123714;16640.393405262;14051.81227414;12680.190791926;11515.519978678;10364.038227785;10079.457172093;8146.9555148608;9635.3512455431;10841.76004563;6871.0844716163;13320.689569138;15223.164167837;8674.7883657489;13907.5491963;17146.314203761;9081.038442503;10975.00744058;8257.4041261184;10589.428880078;11691.392288197;8543.7608966376;9558.2775963305;10739.166309741;13500.937056744;12282.110343834;12208.858383173;12577.025540351;7846.29618441;6240.9633066646;17739.338622205;11743.385048113;6111.8112911991;11654.03176231;13692.681553466;9312.399094688;13044.588876048;11488.070431319;7639.203155205;10960.231145236;18349.219088677;9101.6962219183;9281.0744159011;14795.81653062;7511.8030722004;12322.203374826;15211.539252197;13215.30849598;8713.7111559278;15925.380806322;14377.303456357;12079.230797003;9566.9578243165;9897.2922797776;13279.068222346;10228.38624444;11686.20301702;20610.326536613;7620.4305398616;10712.306067381;10330.584636815;12887.609064754;9719.7257032111;9630.5857276275;6674.7288113685;10369.043093189;10037.857386861;23486.269274162;14279.116125707;14828.558572744;8372.1335773472;8051.3518126359;9519.070481175;11239.073844099;0;9995.0768649591;14641.909528357;11473.864714178;6614.331148608;17880.376862985;12218.428038382;17099.962326124;9026.7189145901;9190.4569511046;13179.369915194;8384.4032354735;8449.9353479179;15025.866687931;13009.999318069;11589.575215483;7418.8619390793;8204.9394156939;7876.9392841508;17359.647354247;12435.502187395;14562.88044379;8679.2810845742;9875.1838204619;9038.3907601604;10965.77925408;9750.3781168097;12319.762778209;8925.5774485381;8235.4360804047;15287.020448067;0;10797.259416318;13975.525020239;12295.075098752;11973.341421403;13881.163565377;12858.185758518;0;7045.2115384931;10239.859470741;12349.321648561;12834.145421477;6511.3277679607;18716.917516267;10131.956797983;10741.864880528;10250.609457058;16745.149915228;8510.6632979948;5905.1099385915;6936.47849502;5341.7717600854;13413.205046214;7207.2141261717;14726.411937457;14702.451101571;15797.041263279;10044.301081515;8950.5335217925;10844.537102995;8120.3248151765;14085.189018251;0;7166.8472023977;5525.0399879955;15751.561195902;11288.232650406;7459.3031454702;10955.295797009;9402.7484050928;5821.2158106176;5737.5783147463;15482.086359171;5581.7072219466;13679.593463998;8696.7122801515;8238.0907912877;9713.9576999084;19665.800495494;8810.4857082502;16874.238619035;6733.4301386251;7347.6232516561;8175.4583443014;7508.6524810799;9705.7572176178;11476.518832646;19370.395637062;12709.804698424;7167.1086342134;11065.278308749;8358.9561824878;8151.9875295386;10024.128529358;11569.109123416;12546.425949262;11317.018647514;6705.3556244773;10373.839280841;13912.902602274;10550.354154071;10587.392742628;9925.4772269877;14070.027043236;16049.995072939;14676.314238414;16624.271208229;14253.27093814;6467.6267306559;7079.9669233814;13568.814361313;13666.087624269;11516.468051643;15353.407336486;10423.21778891;10081.009473567;12117.90805003;8424.8527240759;9414.786274843;8351.1619421754;10568.615011946;6686.7859971395;20508.910173615;6598.673993218;9940.5469486719;7207.1955655208;8463.470775867;13627.362884197;4446.0818997911;6102.3048548981;13420.421679228;13350.177374898;11677.989573143;14463.104600666;11265.096416992;11134.878150971;8247.3532365967;19572.586928235;10970.260291329;8709.6613447952;7342.2546825117;8490.2868415692
303.23234061941;352129.15302077;404248.4450204;379806.57162051;224260.31901796;367556.59863992;379295.4120659;301889.12913103;282623.8098616;297855.51733793;390516.63020317;415043.2444956;328737.62521701;284285.71423549;177099.29439748;323693.25546993;384324.71924593;381594.1032337;349261.75506244;331091.83066773;335157.74957541;384189.75767386;340264.9930779;331206.04320198;294538.91611611;363632.67207536;297215.06359833;231762.07727641;292607.32160753;236028.78552762;205383.93826161;151935.61511988;340566.9712041;384584.89540567;396330.57459181;345742.17679623;335564.94346006;376491.44902986;331962.76642145;270617.99482452;289197.00405349;246072.58121219;288091.58058986;296810.68408811;309712.07981442;354218.6506037;385557.61947123;251917.45495242;188002.86469102;247650.63313128;394595.08455389;393082.24578087;322352.1425275;305615.1246222;439914.44567805;364797.83634729;263944.04214392;269094.38577898;274026.94500743;295675.5751006;274195.02087684;278597.62492362;317669.8175086;345031.88124469;259172.21226153;255234.28715809;305673.6747552;357839.81777729;406805.8800497;319311.95211816;270843.23825808;421868.16499648;402788.02777543;326545.41600383;287917.99486167;305444.03786087;331698.4289837;322306.31264047;310604.57973839;270219.37958953;300140.90831141;298905.59525519;281448.97996747;255293.84292515;307572.26456423;308553.32300614;403878.70098961;358719.81174873;341808.59649535;368744.57497775;349007.15134293;376182.93617843;305228.98256808;296717.95711845;327211.02048071;361632.96381139;239465.01384088;275117.92422783;307338.76150482;297068.69818726;353039.14939283;283408.73035141;284450.39385538;476827.82629275;358090.3519593;347971.91292672;353353.16914267;437793.98203754;436025.0474246;359762.76395825;346797.13054937;314007.28162245;285779.22070428;286124.51575763;286698.16806766;304363.33843855;288643.97621907;337739.13010965;335437.83109986;375814.25897306;301804.53163052;318695.1534771;346616.16157455;307271.01850373;291170.36051698;329030.43058239;315846.98670724;316484.62035431;295609.7902921;239802.53011921;269062.09733234;301248.86501272;292360.04005254;321922.76685498;356636.74763681;350958.52284527;357062.69631828;343872.05762024;383800.64653966;341442.95232475;342992.71453755;320828.65744634;319967.83450009;242416.52752747;233127.10561877;245756.87497192;217957.03492649;291438.94633013;376355.73274365;330749.54151929;389249.50443453;470621.49451408;315899.38643035;420789.6549689;416445.63663602;366598.44136384;291058.22502555;247489.74890917;254467.16745021;229267.8138426;251539.42097889;373088.08172178;321684.32314485;393249.17256741;373664.75226998;368858.99547439;370105.00499207;336961.16331494;299147.15104543;392769.16241971;234374.99256024;232409.29907687;244161.00184626;263598.38813577;295851.62943782;307500.39979269;313674.39916789;341946.6342294;325233.87822285;397859.59229055;376430.38282619;342170.33051678;449148.27480232;234676.05975455;234045.07442344;243500.63830625;300712.66324097;359986.28827274;332220.82774731;357001.55183184;372153.42863686;401768.8381772;400480.47790307;383324.5314038;402295.27802092;245483.1133386;237411.90585347;273421.57583622;294112.65951457;275644.32576841;322398.61672714;387937.32475142;323527.20415777;419105.3489769;375590.66880657;390278.21278822;243811.00072081;245152.18914769;293292.23465794;270450.61364334;329140.29784569;349824.75039267;339427.01222793;353026.71795788;360127.05738921;387956.7953888;368625.36935133;195527.27806043;248238.90290764;277898.51763898;270783.73305643;343348.51642609;363774.98653509;376859.98057399;394642.46881306;410012.03087735;429677.51681386;216104.8728618;223991.39454714;242943.09235998;275890.51689041;324348.26158335;323606.61179774;381114.51815939;365140.26305958;368644.45349178;396187.05666087;225017.65903945;250409.21591337;248869.4433364;294561.92112474;287293.41514686;280563.72230129;385741.79145538;356003.13201303;369547.66343448;350185.24621765;238039.09390729;228312.44950561;261337.86547002;295705.62813627;309947.0926805;345677.03162169;386526.88165628;417309.80408604;332407.35608995;229822.43835069;235650.33687651;237273.34324244;288144.6043124;300066.83072711;318742.83833809;336373.37503382;370581.54566961;258452.76391762;215085.29761193;238232.53513245;248871.69411293;275131.36041221;284920.31194746;320300.29420079;371315.36123706;368435.2450443;346343.27286514;194426.16565462;229889.58304666;255613.60890687;262734.93705475;318276.03301279;376317.87228733;360943.66069246;371963.12315732;233364.23105548;211415.92691998;235939.29462866;243710.53680608;337735.35692186;359493.21071481;336992.40531198;370216.18080572;354781.94407397;310577.84917399;325632.88984308;359201.33579431
304.23564351392;77114.898191972;82995.309723157;79091.813786193;53924.383322873;82239.633347363;85009.143183724;71033.462903632;67680.906372937;66420.985060087;82627.131910734;82858.483143624;68357.165616767;56217.623399542;33550.695266037;67853.257676043;85971.081631562;85189.087900509;58348.371509483;77646.850026737;66574.473611192;89261.598816845;77532.990610998;66187.235724794;60149.455608027;76040.656625508;57776.424055241;41939.173291744;47988.854936072;57801.357609586;40309.925468262;27412.616291821;68565.745600423;84954.902592107;80682.150888099;78233.764578252;69850.734932997;62310.078643591;64595.789091477;62676.361356071;60294.54445708;45481.834200647;57832.185921734;65138.346451237;58818.141797116;69078.484697139;90260.231956926;52249.928477163;36379.633547585;53094.444250907;81173.89532715;79494.08761939;79954.730582015;67016.840997335;91077.589154275;69559.500312135;62847.248553601;60436.625274456;62706.224110802;67421.223323549;60996.053181871;53946.535142182;69428.476655287;72707.743199875;58011.160364634;52720.630179392;57112.030028555;70181.318974594;80853.165083497;59941.171847662;59093.178368572;86187.950584476;87005.860723461;65636.081475708;60216.150251669;68329.969732043;65474.767442997;63446.34916709;62211.932046383;62838.059202597;66154.175289638;60962.694161929;59013.202981493;52806.031918342;54390.819644666;73845.192543117;80668.418178278;74301.92986364;75373.191429283;76505.155490567;79925.562352984;73194.972306173;65736.821224455;62708.732762043;65163.963142772;80949.783012966;46670.95747548;63458.302734634;64297.867184106;62262.85330285;65083.499352792;61805.852600124;63602.008679677;96833.035981276;76240.469466039;72030.68084689;81377.805091673;92304.351509545;95064.32564613;79336.271297138;65565.837348832;65162.98216454;65145.393139704;61673.895102175;51978.319976671;67719.197017937;61914.916804954;67674.542841172;71268.085122414;77107.332437407;64298.379343652;67614.989970396;60404.855792848;60361.476569611;62719.526849304;76845.35796638;64340.414976038;70986.770330157;59119.960278206;51022.783945107;60138.791571895;64247.041781467;61314.99552497;60090.777164283;74617.955210846;77900.108742454;77622.46821694;79999.438813981;72393.050366483;75423.99471873;70638.077525487;60808.164414808;64255.300994181;54943.015747283;47361.207671816;55801.541625643;57973.247635563;68906.316502418;79566.770560216;77679.403719786;81126.64821954;91474.297781824;67663.20142999;81927.46048704;95669.071743518;86047.149786375;64051.548315055;50898.879560613;47605.005943636;42961.415065451;51799.391424615;83539.001734354;69430.082912306;82055.312393384;89413.064896045;78003.723039285;74110.769041969;78332.01915157;70112.259094532;89868.920660158;49240.170064261;49012.480713582;49764.96416098;66376.352140166;71506.315942185;65694.010999146;67977.394518712;79191.701219896;72501.201279297;88185.028556444;86314.919357142;68742.679572567;95836.179731677;51093.700888597;60292.315694349;45995.104984569;51367.436314793;83681.117328521;66874.304916253;79903.22179317;86893.990870825;81886.302608764;78531.759025482;71829.140561356;88675.632954708;47899.07871474;61886.104836229;67296.259490628;73657.98965285;65795.602985349;70607.831613974;84364.728017403;78536.304407939;97585.803936308;76774.512221947;78822.059438861;49055.294272593;49939.065631597;61776.628318488;50392.718782677;56598.81148306;71984.023243295;70323.778484261;68469.799522259;79302.100129444;85251.790474951;80715.16517413;45255.576286526;54981.375940615;62126.797379256;56072.486228522;80896.232907742;76749.820158195;88688.446100893;84690.739045547;86675.799522552;93828.745799046;45827.399433595;47278.883217187;49272.617843624;59408.584776846;78544.748588788;71035.782969579;84700.489377262;80287.511930127;69942.958773983;78234.476570803;61073.70945407;63648.029890649;52976.532110394;59759.769951354;61140.883519658;61992.014074511;84528.01509277;73202.745624757;86287.644340273;68972.019706692;56456.970545199;50638.521335225;63590.561079968;62248.248154459;62320.804224008;72579.366756903;81188.704546936;84809.965924391;79384.304971531;54072.577311369;47279.801678163;57710.850571938;62326.067536254;73629.309007602;60458.383841595;74106.010342929;72839.647582895;59150.699473176;44570.259068927;47285.209744516;63206.947669449;56715.358027926;69560.268399665;65595.426221971;69681.073820161;78586.323734022;79241.263031745;40534.319687424;48136.542231112;52253.212345098;60234.577342604;69398.609357667;77428.58733782;78697.348128771;72884.452600849;38317.081525957;46875.554206152;49085.495750021;57911.083983814;70215.153046143;73939.254213355;68818.607139553;84544.321105478;64910.934344261;59480.40422231;68936.041827829;82402.362427434
306.07582677557;87829.55203462;78952.599704323;71006.755095401;87420.062799913;124965.20107024;84787.917512291;71438.184286229;77751.086234347;71341.358934309;111074.30064397;95977.584830858;91983.938899065;91814.499715471;43381.872668738;45286.922115166;103234.40151066;100439.1564759;78216.426497;73709.411615024;100701.93794598;95113.045426767;118787.3343517;96757.642608031;97299.059828398;60419.792516862;75524.07927811;74826.462660907;87924.739031191;67800.45752054;74392.264885593;43024.084602711;91465.113377754;96966.715303275;82486.864511701;83350.492852307;132019.15499342;135388.41007874;121284.64584246;121600.8956759;106052.88910658;67427.618375431;78513.303112455;75879.788362379;66198.780409639;47731.298814802;77064.129644268;87069.843391099;70060.590690099;95351.253806911;107647.99786121;79962.020153142;75295.357661062;89188.060130966;133740.22680822;114678.23527505;105974.03153449;142161.37913037;113564.5472071;115156.59967995;104246.75922372;79403.163785539;60883.620302323;103807.20017617;115015.58427757;78670.618701398;86385.241861303;95440.986732477;109342.11096512;68805.842704669;100606.24278012;114954.69502378;126450.22666838;121195.28041845;112106.72354522;126462.05809946;122558.20992557;116782.37856564;110566.31722049;77331.177460849;70369.392513925;103823.2247102;95581.196307463;70326.715588633;74689.000465781;115429.977044;90054.200776996;70814.650704996;101301.93669674;152154.43798116;128991.73463549;122420.77942145;145456.7092367;113173.49946979;109660.85035074;109792.44079939;108353.20316269;72825.696814459;90418.371108344;95104.342870248;100124.75605841;114714.97312885;95189.553112194;95402.937237707;104876.1567038;89228.218931596;103369.65547284;133713.85298429;140207.74520699;87957.703139955;146831.05568438;118952.6071393;154638.4980331;122878.10472833;95520.262256093;79957.028036411;89227.90277893;110208.4139833;92822.372324788;150574.34271294;121589.68044402;127426.93185104;116498.43515729;90465.114485742;66372.798698338;80354.950696421;106046.03332357;101727.773302;103892.15023628;97920.103623337;68977.367796985;75536.395669443;100391.64016867;110760.37388378;93386.318386132;89531.087450957;96175.723833211;108446.88517634;88828.574051001;95478.705725774;65812.181280392;108995.94400894;118311.73602376;99613.444672685;102318.21396117;107222.88724181;110158.68887473;105363.9192371;89990.519195087;105950.74806009;86488.206535119;119463.94178401;155298.96776841;118830.76726066;120517.82081121;93662.764503149;97272.904504685;102874.58359525;98215.259378327;108190.50008734;87751.358590055;81357.451835933;85140.739808182;109359.1308162;71977.774110612;106705.94232387;125453.31467757;130157.41099022;123854.30137305;100698.95191429;93422.811339318;96715.551578228;111184.8363192;98209.231278349;71447.225044035;83236.339899252;92391.128181552;104873.88250847;78603.468163689;90626.282417726;97776.099052803;91503.482609387;100499.0061678;74778.164753934;79670.558666496;93014.104136899;84271.594116218;86345.040816386;70384.578448949;103522.73315663;83468.619307129;100282.10466821;125761.97463238;124666.19440979;83522.127236979;95006.445140285;102238.56961707;75117.861675888;110977.78785126;91406.607672223;71963.412791236;89083.741991493;97856.105852637;108803.40082235;101550.58491829;91515.30319881;93104.422927705;86681.166147567;76270.430401705;93123.042487704;113865.40660566;93699.998318696;103391.45540176;88160.072597139;128456.84446942;140911.93998475;106123.47533755;118140.3961459;91856.576610247;92152.357773395;105004.4346288;83523.301109869;99897.540596464;102863.78234294;116138.08900971;111126.69543617;90602.622891229;111798.74830097;104113.9698509;117054.48441985;95739.030258697;78660.463742427;74465.814798842;73119.625794116;124018.47346499;138197.53540135;141186.40280578;83656.450205066;80200.556277532;109687.8127347;99871.525493941;116257.96607069;98512.031182544;97566.013744603;85576.914732743;128536.09593633;157177.77634329;93344.166107731;111464.39473642;98436.718488485;102619.13960833;90614.288107882;112846.79939631;93384.112347874;105928.38204941;201837.18791484;112587.77251321;88255.537300234;108913.85175901;105372.06226394;97221.735941522;109877.47384627;115983.12327727;184118.56205247;194535.65210474;97738.129372514;133598.07085023;73586.961370996;76045.178619619;110815.16433377;94764.279251684;91076.188545092;118343.01609206;178320.56608409;85092.738117715;98237.306496944;104735.01237306;101403.69620821;109437.4405536;117730.33536824;123929.76789407;144210.21701991;81382.58374149;102095.62755504;106212.76636067;106982.63742742;113010.47684652;107585.81577148;155263.48491676;141214.94021684;103521.32857645;103482.70085512;158716.59497972;139297.81292782
307.09828294458;0;0;5430.2613267548;0;0;0;0;0;7081.237336089;0;3698.6077926995;0;0;5811.1157131758;9416.7079380541;0;0;4280.6707658184;10271.641200628;0;0;0;0;0;4246.1977421431;0;0;0;0;10287.498138398;0;7889.6088880928;0;5541.9514129806;7266.0727094761;5316.1869091908;0;0;7693.8289311961;3095.7615619204;6985.2739795726;6554.4172234481;0;6155.8214658761;10011.22006552;8181.084403122;0;11441.128507292;15411.022145922;7860.5658903381;4802.9297562745;0;0;0;12187.604602918;7541.3818844041;7125.491992273;10585.44072703;8152.6556458085;10367.617266293;0;7468.3339780134;6386.101309498;9672.8502663761;0;9426.4890884556;7166.9588714654;0;0;0;0;0;0;8628.2908264106;6986.7997958977;0;0;6996.1647294157;7108.5112816774;4939.8671259601;5552.5748363209;7032.872770449;9835.511246417;10511.49023909;6925.5911409357;0;6537.6087560133;6505.0029576584;0;0;7177.4369768375;6059.0330541269;0;0;14423.270039606;0;6909.7792447986;0;0;0;14664.09768963;0;11344.075999496;7549.6066490231;5269.0058664541;5886.5503555552;0;0;10769.765060142;0;0;0;0;9254.1607770097;8461.1890019027;0;12666.18416485;0;5386.4729510095;0;6649.6974722675;8400.442794443;7996.3220674385;14248.451498828;0;6758.9197400868;0;5468.0122403515;0;8784.6388752747;6578.583820686;4537.8347603874;16385.084543049;0;6119.3343745077;24887.763551936;5265.5838209274;9715.3232672671;8330.0496179692;12480.578873552;0;6347.1577675627;0;3735.4114483261;0;1435.9549714667;0;16481.982278928;0;0;16003.255428325;17060.559150257;7535.66165019;0;4820.9400386197;0;6680.5564164379;0;12392.468034028;7462.1884608341;8894.9465566851;0;0;8651.2819909332;6159.9666152794;0;7009.4514107465;6219.3351406741;0;0;9902.1128880318;9605.6081888788;7794.0397695709;0;0;6147.7543614664;7887.8734792368;0;5741.3475285171;6919.3689911441;0;8579.5507827883;0;6923.0405966209;0;9134.1534043912;10057.235813574;0;7192.8547822748;5457.6163622866;0;0;8625.9828888159;8701.4289017197;0;0;11285.564633852;0;4337.42200694;0;0;11248.942965382;0;7411.4069336787;6503.4614085661;9390.2225167973;0;0;6101.8392945804;0;0;0;0;5234.7904876184;4952.1123505421;0;0;0;0;0;0;0;0;9659.2302223424;0;4561.5727645077;0;0;4772.5160872313;0;8018.853374942;10412.483763889;0;0;0;0;0;0;6246.3472795273;12697.104046689;0;0;9703.7123237693;5198.1421736557;0;0;8661.8346135728;0;8210.6598431872;0;0;0;7553.4107835154;0;0;10682.369383526;0;0;0;0;0;0;6124.934640337;8213.307691407;0;2810.3518999529;0;5679.8328437916;0;0;12766.22670296;0;0;0;0;0;0;9695.7846954441;5920.1807934553;6061.0061924503;0;0;0;0;0;0;0;0;0;0;0;0;0
308.10161253585;5509.5427987985;5262.9955930275;0;0;0;6916.9893562265;5561.162229716;2030.897073547;0;0;4823.7671282902;0;37.597081032481;0;0;0;0;0;8521.1484197204;8163.3788036758;0;5937.9049975702;5606.6503753339;0;7676.7150860753;0;4797.2998688329;0;0;0;593.08641337616;0;6700.6969148253;0;4122.2339957379;0;12942.342697881;20979.535504562;6008.9020946472;0;0;10317.209213023;0;0;0;0;0;0;0;0;0;6312.6930031726;6818.4135808478;7983.5399303486;11912.908523138;0;0;0;5164.8203143756;9711.989885562;14110.034688309;0;0;0;0;0;0;1557.0214077111;0;8666.1392468691;9529.3550517373;2546.6838563811;10671.322495889;8657.1395984058;6661.4368450073;8073.4910567125;8474.546228093;5333.7355495464;0;10152.770411879;3270.0326473687;8764.9447775185;0;0;0;0;4695.0683957932;2114.8310420178;16379.059238929;5935.9979968561;0;0;7057.6285605022;8660.2694454672;5336.5801570801;5302.2949353766;0;0;4147.7283414286;0;7594.3069740175;0;7592.7655994231;0;7444.7993474598;8316.2881515767;8408.0266619169;4390.2502869795;5652.5034066322;6079.469093955;0;5988.2661745463;0;4881.5070782948;7932.9404776971;5136.3724634186;0;4295.5977251756;0;10825.714033149;0;0;13771.59943778;4875.1079464425;7193.7158608418;5785.0215456241;0;11700.791915264;9244.1921847317;5365.1658830779;0;0;4772.4538114787;11997.091396352;4220.1785270307;0;0;0;0;0;8928.4226245238;0;8918.9525280762;10571.567803869;14165.878734366;3666.4931676688;5214.2024868695;10834.332752539;6537.1275496097;0;7167.5506694627;0;6674.7668341723;7510.3239242084;0;5776.7789648353;4284.947775144;0;0;4678.0078924732;0;0;0;8258.8050414813;5603.6491637262;9183.7166081263;0;0;6574.5512988778;0;0;14139.869798538;0;11344.31788707;0;4346.8607912434;13390.093631279;6022.4456991204;7943.5965910581;0;6112.9088106849;9621.7642818793;0;5920.853970846;8008.7327317919;0;9399.3008675823;10201.502885547;5431.885947808;6255.934947656;5795.8994384298;0;0;0;0;0;6757.1857821278;5149.7722264239;5852.8413490852;0;0;708.17105683765;8072.3761929283;9637.5978011295;12388.908519482;7882.860011436;0;0;8647.7847353469;7828.9408991756;7261.1407207486;12499.486518364;0;0;5703.5373697535;8140.3992019844;5200.2873019027;7019.6777634367;5955.7204004626;9003.8746123695;4044.8468787043;0;4835.683623484;7832.9537562888;8095.1040961563;8203.6913014093;0;8579.6059634598;0;6975.7127627721;11787.409732999;10332.19618326;10683.263749844;8441.0156024541;2928.5254899645;0;5977.2055010572;0;7766.4260176646;8361.608984563;4987.103918946;0;7548.9646683773;7485.5037759849;0;5067.9275713448;0;4872.5955050732;8254.8194185429;0;0;1927.4596145404;9317.2244841349;4202.6283047798;0;7249.0228087506;7438.2448946486;0;0;8671.382841735;10410.62514251;2845.8982920993;6321.3256829741;7066.4302797864;5239.5070763849;8568.1666099492;6375.5797877776;4171.3074754009;8361.1866695929;11732.107734917;10812.152181616;0;10126.330310467;19621.013216862;0;10118.501462176;0;4251.0837085472;10353.018875961;8056.5095163296;5166.9311216045;11178.177348336;0;4269.3180191467;0;8064.0753429374;0;6606.3115821347;9355.9134112407;5567.4959687812;9481.976248748;7009.8956879275;0
311.16802631593;92280.68053364;80626.790494114;61821.644352284;46498.807746249;162640.76304766;88765.670374052;56997.080016695;41440.979362373;476766.02157708;143622.27518242;85279.583528417;58486.639127037;53806.967293245;1685113.7956175;757350.97117288;212592.63315034;86977.100762278;54726.461023469;71962.432563928;441045.52393713;300625.69844025;274960.08164906;391826.62407967;444716.71262476;233021.72189115;238671.13295566;273749.85598793;411844.2552043;683876.99106595;1368968.650194;1477091.2384706;790294.58661995;184992.55971017;90361.589985492;65346.857303252;67174.331535543;89762.365268593;97170.549360854;106079.00051449;102008.60345963;103544.73810459;111164.23156117;176454.66748487;258880.3558235;241359.33865603;311784.89661542;842709.17695491;1762353.7904616;653693.57702281;216235.0237673;111938.26356287;64276.879338948;53705.373009928;79266.253513936;89557.05905289;84587.734085119;82856.821963134;66018.188121441;86372.739506654;76074.885217221;99139.746897904;101342.64680329;183240.11114556;435853.10397221;911453.50565831;745649.60991223;205036.06509464;106154.28540945;80430.57707705;66951.795652157;83690.553976028;93284.800386821;88635.387322096;86977.312647123;91863.174404318;81539.48076034;77892.738560525;87852.533220347;81479.705646415;111226.5127311;154656.87290028;403550.89814924;920958.57388187;727630.64304013;289112.29069574;107366.33489521;81741.047606296;74535.593038039;87307.465574728;88754.198497223;98867.998710159;96535.591018662;98350.14724583;92593.420932974;94727.775967301;60757.014352094;92728.27720007;108978.81965884;119311.21826246;201489.62913994;643735.43221812;700405.75861093;413650.67544828;108323.26373169;87452.266465373;81867.210998749;65446.496309814;75145.098441627;93028.067999529;137476.90371162;119637.4912242;100883.20225137;74909.537480323;78942.637853426;67227.239400758;78368.066757594;113606.88117589;149268.7564206;377541.89200905;515739.04116465;441832.23340115;129130.16776146;63775.70203073;55866.914873843;73929.427688186;116739.66848405;140210.96128643;92931.828534102;77823.583241659;76979.414967599;88288.370807107;94361.020569773;95419.297830419;114476.68956666;172527.65615614;323084.02571601;369869.51640286;116601.03627934;78848.675568061;72227.826616979;100252.27910372;144344.38953654;90028.466228835;59316.288944464;74980.601821211;70409.258383683;84898.308137771;97906.191719597;92843.91140779;120830.53668513;249311.03791922;407930.6751516;171995.01413966;106748.29167107;106699.3991006;76896.792479369;82710.466187313;67648.798392072;56004.548132838;68485.686797409;102544.41472419;100255.07780816;128766.08165768;110605.64375477;130102.22435296;234842.93919841;246471.32328072;94096.497083041;86022.014272654;70761.767330879;60184.533764476;68415.483211613;86266.180669178;138862.87340771;135905.0865055;125372.92634256;127312.33556551;95283.289872875;172307.82346925;304428.06460644;110754.85073075;105034.52992222;45720.483477261;71580.508697313;83764.446162752;98603.634970778;115587.67684135;110368.72775931;134029.06373345;114636.90204948;161226.53052327;243803.17878262;156167.31106594;100125.5805853;49088.716462243;57627.052021431;69324.522417943;79560.809093019;80297.418950338;90146.989431495;121945.73990156;107385.88015665;199777.59830881;195623.1701073;126482.68077771;42679.853463903;52119.45593205;59080.654922419;84022.212103957;97195.663482745;92764.399295032;117950.33402819;92029.328606368;122451.27464631;206442.38232804;119552.09750535;33299.524152769;52588.133845482;83169.31502387;85067.320124283;93577.680708937;114775.04567372;105057.13610751;168818.84419221;238705.47265337;143201.53159943;39227.801333185;41246.34678644;56173.320747295;72875.923887661;63678.555349606;74685.448728909;105900.54675988;131375.33052556;181986.00903122;171805.16424566;50447.453833672;53134.114653888;52138.569543196;50053.718814311;63218.754540666;78452.603233513;92846.176600425;97396.170096839;151787.60290079;161610.90331511;40765.987571716;41477.115515029;43921.031729932;66962.55520153;73498.598483001;114238.52493395;131738.85464767;210271.43841215;194653.3633704;46910.297999858;38111.510158762;41305.773247199;62607.087795576;74449.452228411;91595.227145706;131718.38722312;195500.20072004;256457.94559801;33854.251303386;30953.775396331;52010.007704288;46501.903283057;71314.297987055;80090.62761407;88322.158740872;125162.69482171;181492.15369789;26280.823691841;37223.2750139;52634.168995579;59538.300753595;57848.630935819;92862.309363579;103164.90946333;127842.93381783;33324.026147219;35490.622659728;44876.134950889;47396.032635549;77052.386537591;84397.930041796;79981.146231964;113651.80569254;62597.581062169;57986.571054005;75577.36864067;74927.341253663
315.04800833858;20293.361052459;29570.701396271;19602.716925423;17491.124137099;18866.593445384;19439.621306174;31861.081214458;13779.851757936;25975.2890762;28246.834098352;23828.65873726;18983.604213374;18462.113470781;25348.808333569;33089.484128283;24461.117411316;20143.438788779;16009.987988702;16391.382065197;24088.412739969;31720.250554424;25189.131631632;29843.974280453;30200.513947449;23936.625188189;18914.648725682;16136.926059254;25694.512852735;22085.420611459;21481.756938572;19680.185258828;20863.970939569;26790.643036599;24571.804941557;25409.123251123;19505.756503487;16307.220713251;13324.208275351;16082.222550678;13763.066275848;11963.092565365;16821.103042376;24204.137713534;14710.374429148;24035.401180625;23132.843810886;21158.998239313;22588.285012183;23589.833674811;19448.714628925;21486.736041635;22941.582254991;10513.543456282;20955.976133363;20897.495054566;26764.64270798;20863.121558158;24123.628318602;21244.293456151;17292.787321768;19678.634621891;14082.6333798;22058.255934811;21967.332734915;29065.994326469;26120.916561309;23965.020389713;20781.97384068;23268.193963668;23838.166043088;24372.811814648;24661.41664956;15780.388816769;22220.038929964;18838.009974606;30593.773802733;21874.617838547;23212.68034021;16524.227554569;20126.181683841;21651.147510549;21510.175006611;25110.502240385;26095.882106519;21174.098510904;29729.526142593;20987.748065482;20136.015587903;26490.598494302;20939.07148058;23772.709316007;26619.284726146;18064.803577478;21579.441897672;21882.739424479;20964.606988542;27285.990677531;32846.496336413;22921.468759118;34293.297698149;35147.900276043;28636.217103347;31453.807449893;22099.694515941;22668.970657955;15106.182351457;25646.542547753;25377.471066968;30344.58377998;23957.408788533;14469.767491467;24931.170708162;18333.897013927;23201.036016337;25962.164766936;16043.930027683;24886.855182562;20357.006246162;28202.158657467;21348.154142677;19520.771304477;22355.133790048;13214.954171377;13510.123868557;19066.385984554;25181.376881867;21970.983105337;21753.109243412;16242.613995476;22236.824963966;25852.75347544;18371.462552138;18589.176119256;22166.033375824;25561.189112347;27743.594968347;21914.018793571;23785.905460048;20136.509048544;13394.52736547;24896.126033105;21817.615930714;18918.575292937;19130.676856156;11911.747231705;13144.320274617;29792.690134472;24997.101646957;28498.096424919;20278.997906987;33255.724539607;29648.620738802;23362.345437098;33326.640698847;17586.33198738;26142.352672541;19943.544133038;11392.312700577;19062.723662992;14973.712520097;25909.313206826;22769.876498773;23022.911643428;22655.600143178;17086.457545024;21448.166050583;24429.268570375;18828.609320477;19797.489922049;18087.586774934;17833.229579202;12323.637955196;18163.011206155;17658.222259154;24090.473127152;21850.851109949;24334.132474875;23947.249143217;32166.055959093;28397.901507139;20043.365729507;24412.195017584;12183.112355244;15249.981498946;11914.74440452;15610.148880992;17695.248738223;25815.322880104;19159.921077587;23254.481415006;25139.754584015;28684.809448712;19775.661365157;27017.228340085;22289.981873428;16572.211626792;25341.038342879;19250.745808095;22516.435958397;23595.925244721;37396.46140279;18677.114229948;26458.794886549;37426.692743005;19661.202899318;15370.067329366;26544.534936882;23210.02532331;22422.94833982;21456.614051602;22984.657832445;17175.263954763;18069.225858744;22107.772076829;19854.291829135;24502.912757072;14884.839731321;18414.925358161;17037.399086028;26447.773122425;21580.727117018;32373.687101982;26360.137214052;33325.868388134;35451.270658912;21706.803561666;13672.822315236;17847.196106018;17710.392650717;27088.075344692;25812.924071456;21915.134193273;25810.586693799;26815.798965101;22011.062810874;23063.496687418;11225.247776396;13171.97018831;18953.903695556;19934.427102603;22055.603512171;18381.835986381;21472.105852412;22715.968888342;22656.95353552;34777.674741239;14390.389607784;25074.915800123;14330.659666767;11968.350105812;19769.956563328;27779.367707846;19452.758807275;26488.435621172;30723.638782228;19527.099148925;16218.596366019;15771.077822416;19725.835153788;21748.143667246;20271.837433832;23370.427420479;17719.606809318;18738.146282169;18552.178967055;23326.045163608;10459.616002112;24718.805232322;16492.727898777;23608.086830665;23375.537203083;19538.970534395;30630.76210433;19719.779895018;16738.024748604;22727.810260255;23898.28357042;21216.475734126;23001.71368608;16955.019966864;16732.721755199;15402.962256275;14408.649735428;14021.486057425;17397.050600456;20213.799684444;14006.650778892;24752.692931532;18805.65588317;20923.925092868;12663.813751749;22590.813249442;16091.743527879
323.02790657581;79788.350733047;74339.709067118;61484.489812436;77542.493770008;149941.35104946;88781.939460823;86904.036168532;72172.420112466;75608.436560614;140238.75809586;93164.873946863;82598.235206985;83587.473338399;86752.781731262;50983.677625927;130580.87401237;107964.4741484;80646.89122343;72855.247113654;73504.264319125;72360.633486144;100600.73909503;98541.108601645;106538.13875973;80894.732783099;84638.203757106;83066.165913177;105948.29829808;99588.96872637;89678.621377266;68167.466841221;89482.878465663;132622.81485648;76066.289961887;75023.01270989;85390.450243716;81574.546318861;94161.680037322;96831.63654897;97535.862659896;82545.447643562;105137.90231427;94169.370606901;90261.01162755;78095.225739729;80801.683794979;124528.5614534;93520.202947041;94266.917956195;168727.40154403;99745.869297978;70711.619322911;64293.13799425;90285.177239703;99572.451122323;86956.794335001;121519.17278348;108540.61160063;107540.8218565;95721.996067643;83430.534675074;76966.54919226;148051.42186133;127891.89480291;83166.916334256;92202.737612636;145232.63939291;97632.513909413;72012.280722915;87386.517748883;81412.286033876;86230.15648306;92436.988815034;79246.647346915;94963.062704745;99878.535653234;96852.086543325;95441.946102474;68264.951163938;85666.07594118;113165.37585219;107318.85416201;65005.994953572;88812.544292444;135253.30788638;102338.53158365;65444.812138333;92438.663693942;106740.76859477;87211.977914676;91560.859915982;109370.88507235;112356.12588718;99335.886500957;112179.77870427;84883.935012592;69401.281101791;103140.10831475;85352.195878401;122381.5982441;97022.912739117;93035.761781041;121556.09830389;102928.91380649;81900.754737515;84136.183353704;86001.176495061;75950.597395111;78078.129018393;106263.84964486;111406.88784286;104027.85146678;98115.372934069;66535.189080436;65417.790763635;63505.157108987;84593.748355159;92476.925601043;156324.56669635;108992.43169446;116753.11115549;125417.61675759;72759.275312944;61542.809526604;97240.619398163;100159.50112626;84566.40411475;84383.926330026;92798.114118468;46778.379951697;100808.54760723;77102.363285479;86067.11027828;89698.390132895;118077.02883827;100472.53721631;109213.671114;114235.35411278;68233.281295065;67670.855546078;104240.38308711;79367.530007592;81386.947786738;83058.877637391;104650.15688308;84529.942382539;85304.086786226;83075.419574787;78902.66328676;70399.708074455;130777.67551712;128272.25913198;132350.3674225;88350.228857031;85000.319526501;93582.791525047;85989.421835665;61774.785667948;81548.222628534;68692.191834253;82545.107037391;85896.928563415;76345.031365791;89511.456397002;95716.871237629;138966.51813932;133941.94410795;90864.230061573;93924.423110794;76419.886327902;76479.856053721;74905.903585842;80513.476102946;70560.381666889;60624.233562431;68554.376749326;76057.504425933;89350.075021606;99851.996119051;110656.87110295;94896.829311706;100150.70362505;47816.510767653;75437.574030885;73479.298983769;94627.808230259;76475.013746679;84467.840399439;91543.101223282;78593.056799613;80411.879207561;130678.45629786;130228.15227496;90041.103410239;58146.298791094;74422.307926383;75596.981803815;84911.188884656;75807.808263403;72927.078119745;81510.619793658;81036.298432399;126251.26709118;124214.3067397;100091.45220213;65285.577657329;71956.041090741;54418.146799024;89848.279240386;76992.684374278;89727.338333001;84701.197627402;85857.368328829;136007.49843806;151592.06844687;104992.35970887;77027.044492368;78249.499989424;75713.368712865;85582.848686003;108024.99034029;92794.833595231;77954.015566729;122172.57344399;117331.27178163;99682.191916624;76100.396084049;76261.042262207;79166.973399745;68865.491273734;67104.052413954;93788.19446726;67396.771124138;91583.834753882;108117.61834924;124087.71519682;64472.093668158;70814.009792328;79953.712902638;62317.510599594;89734.530766861;69502.356817412;88646.266879719;98164.423433478;124287.23159724;138260.92338465;68888.937256521;73566.891893552;71516.906818307;86158.705271393;92145.061369744;88975.47080385;90568.379819114;100163.80271005;168508.65413671;81266.575979616;60972.722015391;82157.452891979;79358.765022078;74651.866340379;82184.558377267;80598.117011743;155333.21458605;155787.16193411;68469.712438124;86929.301167307;76985.329009389;57391.555534364;72648.04212173;83537.326108448;110515.62967879;120596.73143474;167264.15734755;70325.56693934;64066.670765973;77627.700294743;84609.00837236;72000.827771864;77026.500597537;100540.82382652;112462.541377;71366.180508433;72779.978733729;84865.226493841;73764.490935649;99248.197859283;91750.639719952;107588.45327758;103321.24643023;88808.637178681;85291.552468894;107250.14919856;98026.346540409
325.18344866752;82510.918878297;84318.848243924;60748.027602819;55303.879085565;173725.27884435;95824.412449323;70746.471159326;52196.579569459;678710.57350682;166598.09080172;97625.450455392;68795.295036783;45355.528774274;2125637.646546;995815.20116402;240249.11741583;90654.955482653;63267.035768461;63905.52749167;485885.25945513;380281.80696282;307854.74917277;405477.77555408;505951.30050184;270920.14163376;302333.60749012;330444.37452139;489931.13270883;808202.96187559;1629757.2563955;1838241.4106335;913243.16283797;210434.08880638;104407.54119841;71687.173702638;82552.601759189;91098.343602459;101415.82121834;109871.23097041;97654.447277463;105454.4136507;111124.0354559;180763.02333685;276291.12452039;294075.07653117;360321.1045757;967232.59434047;2046727.3350526;719885.39949279;248199.11330528;121886.85530986;84453.534782787;66330.848220118;76052.608385731;96566.298897997;82755.862547309;100181.60982645;84765.185043105;80374.623855672;88342.998526329;119175.44932359;122452.66397457;195081.33267969;508469.38333668;1238253.4380684;911112.08161406;241341.57393433;122826.28211653;70247.708668767;72141.276031304;89821.781589193;75004.532191096;74887.528344043;94180.006494795;107415.24774435;83902.719493545;94045.044479999;96172.408090949;84638.839722278;113671.10486275;170496.7115253;463406.99706125;1256315.3815901;990323.06827618;295756.10399877;105104.46925008;80418.709295155;74997.340214539;77929.793902926;80331.114628477;101143.52790313;84733.269719101;98650.526341419;95040.561555097;100615.37304184;60577.829910247;95957.214664093;118854.90804831;129477.42626809;234469.84010834;785505.56293434;919223.54728845;497659.49181339;117163.46816262;92986.929913507;82463.644491885;65503.363796851;75856.6988488;101461.91633823;142155.52687709;118343.61325838;93192.152844212;90513.723458507;80250.703079216;79210.944541822;85728.607954627;108713.97121938;163481.69454611;405002.00364642;685471.33037276;515780.90512769;156220.73468929;72889.160978093;58820.066185436;84382.230623537;125172.09850725;130286.6513253;84521.935484473;72192.408593838;81969.693736028;95155.558523776;85832.062153737;98364.293755759;132815.35363915;189231.53884007;400920.02155855;421705.3053915;126895.62235258;85631.542253763;81648.330220684;104218.4348355;137642.79109037;86262.091388562;73411.32202469;70626.238289247;64459.674295028;90215.960795854;109394.08366969;90652.601089394;128624.44493196;242022.13203918;510123.67053999;217687.8883801;96668.38929109;90735.278363125;76514.534818662;84911.478490109;74359.971887943;57504.759119358;75656.909161797;99332.730764599;92266.34508402;122280.21854944;117916.51820104;134665.51253748;305276.52165437;311123.42437273;104764.41004365;88151.039664291;63362.211195948;57724.139726646;60029.515143619;84283.719141982;116234.77346276;109450.00821146;119574.83443918;131984.49835814;104062.79441172;179777.78733447;351714.69913909;113304.76447776;94980.210608554;36433.151790622;55767.043520698;65863.721155927;90323.994119949;122894.23485972;116415.15141301;121124.10181283;110409.04879043;171723.16069896;269278.43607794;162052.09472082;107785.9588896;39783.20180889;55457.221325075;63699.264405118;76360.845235155;79959.889315815;100488.54236256;107810.83437375;102633.23622867;215979.99053071;197139.99958342;119753.99055424;45253.18433225;54745.79836324;59717.690621009;64494.202505153;84947.92395374;90288.930321734;93994.701267437;88356.166395312;124199.78558494;225281.16402582;137112.88874208;39301.270668273;58359.724007523;72766.15644013;76917.598198141;90674.879769059;110483.3545115;121507.061957;148752.03748729;253479.62991205;138591.05389024;41967.127036657;40236.576273379;55098.7523218;53731.304091838;71552.098086975;69008.445169007;93995.895142504;114953.78332909;204143.93499642;192654.16046073;38650.340888777;47658.630395391;48286.747419718;50742.120498895;72744.697019493;68682.881098996;93965.683296455;89632.869675298;158735.0718315;196713.97017903;39916.542156203;35594.650565179;50742.445684874;60922.258010791;67144.407217358;100825.63706719;139857.93830657;195793.48827432;224886.64124707;38431.46802299;29365.134342043;39417.560626966;53588.394265417;70792.200556651;101718.92015673;116974.97040704;181165.92942338;278141.59758901;32841.723422792;29000.172068026;48194.125999431;45260.979219054;65293.8505297;71173.217966474;93383.670855458;133242.3361065;189161.30386936;24838.907750348;36357.685544011;49264.492616391;56766.604346191;59692.939625786;76475.0999813;90643.328432377;133101.24977104;30412.879844973;35071.239542737;41171.655716587;44222.695515537;61634.227114529;70096.479026299;86717.809735994;92974.94739379;65800.858581947;53975.310129568;69906.432273894;75211.896891501
327.23220747537;306318.85623838;394204.7100856;365606.90869476;284839.63017419;307552.20101193;350109.44747257;299444.04553502;262262.84239972;194287.37085513;298510.59723193;412659.0352513;339231.60810274;299662.55181905;130357.49763207;249385.60781506;294677.7444568;348410.58556238;311558.93392953;306577.0422508;384978.15303219;470202.72493582;387065.9282586;388231.97873851;436952.69028726;414280.84701553;313516.95632548;203698.03363039;258594.87433952;212166.75572822;168419.09880661;132603.37349117;228412.57153569;292799.81383071;370129.92518601;389384.28399725;325568.55613296;396268.11046271;351612.51015404;313082.5817153;287459.76367913;270902.60468868;286632.04832456;317167.90340818;299636.13700367;343789.55362202;355052.77423275;234463.35640295;154059.40560112;197821.23048444;266671.92346276;338540.60279455;290688.51846583;305291.88258521;485393.61575965;344490.71402987;285398.21689558;397609.95131765;327106.48046246;317838.7989136;317592.44097037;278086.22339093;341440.06456147;257184.81328251;204506.58499585;190883.42740218;233264.71180211;252436.38651207;360987.5079697;312352.41127631;262685.59908007;477509.79787489;412400.69333092;367668.51198125;349092.13784418;367840.475325;372547.82039066;333830.21746102;350543.39420534;280114.1118335;313711.51884467;275229.79769538;204610.57465143;231727.76560166;245786.07459512;203459.21354891;332283.72817855;378970.74681446;322979.93777659;362262.20460212;366511.89242852;398413.95129701;374029.21924736;334399.60367491;380977.96990048;368779.52039742;280222.73007785;313854.02206961;316811.10996554;336965.92511538;269053.13208093;232913.15561365;227126.50712951;327413.27301229;278913.07097996;337837.03561308;370896.74636459;455086.9332038;467377.20435874;431467.87835669;382977.85177998;372016.22497278;362186.10706601;325071.80614356;318753.3269875;352842.79758775;330885.2605527;368369.39966186;352525.14852995;286120.86212185;232471.77089501;209986.99161089;278068.66748501;244261.55624604;288761.53370666;355362.05266649;338717.34822695;381990.70772073;344007.43940844;277507.02887236;358404.37350164;279073.95142655;316366.51245176;322844.58666014;329929.25107204;312512.74815023;251526.7612362;248906.48369616;267459.28543284;311960.4287909;298742.45193355;353330.84924841;432250.35269488;333782.18586918;259583.39825028;294662.37308373;238829.84918761;308781.75569861;375790.03980724;358259.48085254;410699.75956838;351817.87735971;232649.68941712;256806.65467232;378983.84951166;410084.77631377;274767.17775195;296111.03305179;281591.52628273;257362.50820935;298871.89728466;391180.06741575;349848.3728803;461306.6976889;366681.44829707;335958.85936748;251832.7891172;205962.14221909;280435.45759538;374772.07137608;276738.42007043;267917.76075269;248182.82111926;301667.00117081;365360.8315998;410505.47371017;398757.99821931;385966.29617938;327274.29482108;358898.23836371;244052.43999135;260633.91753701;413064.40119305;288921.49512664;243630.3643324;300827.716538;313503.99849097;417934.49944536;387430.62728035;414306.8006058;405439.93553648;435600.88651052;302630.83416519;277712.11735722;373449.11654545;294820.97517131;305002.35091048;319167.36142991;376768.24458472;361208.99279304;386218.02816093;440978.62347356;332738.14412276;320779.89528057;231053.92192111;355042.81836501;272840.56861373;333516.62768667;394001.93466542;333019.17545082;390668.3935741;350929.05656704;405707.55021049;337926.42778626;339022.73732602;272579.57838146;325975.06330125;249857.79085898;300685.56716852;346009.66122332;381100.04413099;349907.8070072;450667.54039291;426686.27270226;412858.25783089;318558.06061887;349786.78023532;255701.48879002;255169.90559747;318135.54299707;355666.62986902;359971.77069084;303162.02164008;405009.57982425;348484.23578733;362692.16441743;301093.5571482;280138.88468048;297422.05452361;302476.89365182;348021.5527363;298052.89305887;308724.42363155;403677.285767;331058.66708334;344370.52418907;242924.50504634;296221.87467917;272326.51955096;320169.22247273;308842.438614;305080.5721073;366538.98124925;393168.13264726;407046.29336127;238742.49542753;262728.70124946;291632.01618431;297072.97946713;326459.41823162;347058.18493263;353296.9809985;334853.14650603;302409.42115085;215826.8935994;243770.11664982;276450.967412;294917.70610722;322533.6850121;360728.74405171;306910.0132223;351035.65002238;315585.56559904;225085.41692232;218998.592145;264323.4305256;277891.76004453;275609.12596144;337497.47939296;382230.15608433;356422.07175179;315535.27521623;263827.78723079;224767.05036029;260516.30654255;283609.18991485;380570.16742746;303869.62269125;341087.22714309;331250.06446415;402355.90337477;330013.22464863;299867.41665482;352015.0563176
328.04440509905;74610.703006896;74219.079679339;67810.205169296;91718.513470417;93498.436930865;71547.501736918;67636.470709233;58164.794349062;100017.03409785;96105.375324631;68431.995428455;78950.763568143;73851.135464033;133060.2951597;90907.695295409;95375.356841529;76251.311369619;76048.586893954;54123.190064983;101364.67069372;94292.355719683;81668.390102385;96836.955052519;107211.65597514;67697.917495589;87633.686943591;89420.28409899;103071.78818124;142243.56018286;133374.58478251;152040.01538892;129488.12653951;100773.80913205;59046.278301002;74157.094184704;98713.424007035;76315.43280543;64808.026839333;65651.229446332;43104.140371355;41211.689153196;43950.324402306;67084.603121698;63385.797501472;56198.160634424;80425.745820738;145908.91968029;180282.93943089;130301.82067714;106821.75649243;71737.016417992;54484.47528677;61073.746161475;75227.708922355;77791.516056842;50294.370050325;62644.22523776;45266.615237902;60578.278485491;59677.546066762;64614.990358674;45199.617374139;101624.94591255;124372.39148373;147276.85398804;126677.80516893;89983.327337441;71348.338749864;52624.060948323;79549.658127843;57983.606267885;57385.858677629;57489.847643821;59597.193585287;49933.390591924;54024.692518319;52067.741221957;67578.229326612;39350.232386316;44759.551774689;74221.149579204;106673.7330077;118780.45951735;128929.14236476;127922.94838272;66277.477816041;60683.380813786;94331.357211008;67640.702983133;65153.052704195;72436.352428689;70808.295105185;57197.673718111;56275.040421276;40023.865141059;58641.735465894;50603.251838241;60341.088360509;62512.147744952;90691.930005103;120594.15689853;157306.79954828;100826.66596557;77850.956906201;59004.704218214;68236.846940375;60441.026455634;67434.327601134;53302.192319923;66569.036009404;52230.55020003;61281.084151885;59107.398966935;44063.629502524;54508.903983516;53218.237200428;73130.260881343;64609.344796902;148495.015087;115695.47561496;123651.89419708;79834.498732399;59030.599764082;63006.925447903;60867.065826868;60970.535707167;45081.183011726;59437.045456637;49298.302825879;31954.134818292;53288.09165785;51930.895302089;65866.308886765;63644.210933851;62268.133314221;99282.912859277;94073.485204575;68151.633249274;60068.151091489;54330.650704794;53304.019038785;56152.85717845;62757.849284632;55289.917599144;63138.001955174;60573.783011151;57366.141806846;53421.32319419;69739.688412173;47499.02105767;88508.713377263;131903.92412428;79747.274273218;80845.194464252;66853.209118676;47004.242645053;54652.706797774;51976.938001859;63239.912184665;50920.349066421;54875.965346214;55393.325827045;78767.247511306;56984.018996611;69916.115702198;102717.4195435;113498.58247744;77862.49324912;71229.345061121;47984.741060852;52654.450240821;77921.885186305;47384.038519525;56353.638876976;56282.341153792;58361.345442419;73718.179819766;67625.886146853;86777.750203225;101238.403082;81820.579237489;60980.174783698;32726.600002547;40684.5435716;55653.584830737;50834.379361551;52476.65692634;51757.413774665;61991.839501755;48087.315345176;53276.114131086;99442.788348523;90075.863509048;65342.043162273;58313.049798153;69706.445639815;56405.446109082;80803.860978584;53252.538962152;68488.021659974;55601.90645323;65046.562761116;82157.902629588;77849.281717559;66454.359720542;61534.472017208;55599.944988807;50797.266368488;66540.680071736;89188.096013919;58845.230862258;55121.224835582;60688.670328222;71288.095117065;88563.435268417;62859.437748234;68237.47916771;55409.674322118;59371.668285809;63217.986511797;53217.066999208;64383.143704184;73507.782195614;92955.186287687;89635.065332286;77732.796123165;51874.250239414;64410.677714819;76391.66647054;55976.31407651;53800.315211221;49993.77477641;54450.524578938;71665.72601373;92153.313935263;100003.02513531;49983.048663113;51389.861099875;79354.077926794;63235.88231515;58631.41216909;54540.167418334;70866.029804872;67280.68101194;79492.189484181;116556.28154468;53591.611091629;68209.737874591;71582.88144367;62927.589019166;56430.200670466;75023.474915279;77342.173105511;75332.727016625;151772.65304622;77087.107143094;68045.67061796;91904.634735275;62270.200663744;57054.212852687;74558.879119586;66037.739388229;125954.64111083;139591.77561778;67158.199159279;80239.811726039;49259.277494629;50676.401269427;68983.06808955;61302.105484037;73427.336497013;83700.358814633;110131.05139136;66321.915722405;70279.736929108;61688.62896027;75919.847581544;65523.695987792;70225.599203081;81952.549217943;86087.197551089;59954.682454674;71021.408165394;87958.340500202;74281.619985808;88989.438490759;80744.839300087;90254.044505581;92897.256681454;81444.279158439;65149.077471917;104457.98045827;108309.44233857
328.05776963434;13308.099460987;30083.122590389;20897.997037699;13990.228122872;40493.782873794;23222.311137777;14734.963893987;15926.408114704;11346.302938281;42838.379997289;28131.592422294;22404.415256573;19469.754740957;12024.908933051;17014.430980844;31316.04668038;27941.259413108;22628.826272281;8936.042818072;20500.969710202;20365.26512042;16085.168735194;19834.138741525;16771.092479621;9119.0219425289;11928.336676757;9314.5921013201;7977.4222293209;17799.522149497;13646.784596025;12003.59733128;16404.877653337;21845.793190824;24317.914437673;30464.600659824;24899.216117376;24303.929738879;14323.005404431;23165.248635247;15547.66473607;10545.855212515;14252.697627364;18707.984934972;15410.093030016;8895.2549817194;11102.964204794;11955.476802554;18356.256135228;16219.886363147;26449.066701603;24349.327601149;23461.334494818;20262.073371026;25233.798833018;17469.167109487;15847.625240607;47061.379837598;24028.849710673;24167.395222615;13015.376369824;19011.37603039;12115.487382414;22390.760591241;22195.309642511;25334.696675899;23781.933911921;18727.765009474;37394.230930171;19261.625653942;25190.501846155;18612.389814888;20385.942374055;22776.348502152;19081.142978098;27149.099171091;30786.060856287;17755.777683309;32836.868719065;17017.564420299;14911.952117404;35939.08533909;20842.721795459;27564.98739664;24600.22522027;28094.224292531;24381.856327273;30212.073507365;32426.779150275;12205.943564576;11424.672939875;18321.29557085;28177.051895194;13780.861794077;18515.350736962;19797.954200002;40558.529415995;21407.975681858;15829.658316198;32415.218838842;30224.906664434;21922.463986747;34130.536901355;27151.742974619;27882.208666403;22202.139135525;25217.160160027;27076.625186443;38873.186185076;26583.37847826;23431.004309419;20318.212891144;51459.989390456;19461.455447496;26715.818213755;30489.541749197;26914.970756127;39347.675570997;36630.857445259;27975.17930032;18009.880675452;43153.569761414;43546.476145655;20361.172472216;18195.741876954;14623.259822383;16802.087190029;23122.736474942;32426.882149894;23153.365695736;38562.063627006;20576.805974953;22438.663121126;25629.326822781;28469.306407411;22483.724709607;23163.952310122;29644.743127517;31667.84166313;30027.520580532;18826.970312085;17430.343382426;27556.097081704;25523.529391138;17083.833995831;14577.939795967;18164.887235586;40496.518641349;36654.923630408;31355.746780381;28354.750087722;32727.348984115;27563.210946376;37157.661323342;40458.50570528;26822.996460075;20871.498762857;21947.307329066;19274.92922954;24530.575695121;25348.936350463;25319.356769062;22785.879781714;46763.152102774;20792.090273952;38104.87617766;34350.354753513;40696.04901536;29843.296332385;27457.900922391;23633.636723105;22761.449592196;26011.024552043;18867.96257555;19834.691799254;28600.501013015;31223.493292706;33866.740348349;21922.31860338;47206.43020847;45525.232899874;38962.365582396;21225.194649461;28589.873644166;23250.591105711;30970.419959595;16342.317195682;16509.6086186;11542.964253662;26524.203920894;16063.20914052;29011.301251195;42022.611571397;48766.811741538;19340.682095931;24984.701052663;27037.268856095;15992.856591788;28475.770040121;23317.764683134;19186.998474178;23836.290041968;28946.023424941;33122.903441542;34196.617190085;24375.42613352;16488.951861737;17111.367747798;20795.311427316;21809.404544359;28112.575673601;22019.550914762;23730.367894163;23915.117679454;29706.578151765;41335.487121244;32414.277214357;25027.585698098;17574.81690497;31574.06601962;26553.956809032;15440.205531268;28236.218882633;37566.79525002;31187.324146681;48205.350813895;34607.553831048;22289.321672226;12614.706483306;23775.509220067;24573.86008924;18390.183455678;6755.7963507522;23374.731223808;35848.711820896;43673.411026995;41954.286747373;10621.297128636;16973.475165013;29314.240736546;28781.190732133;23250.924811237;16268.415580388;19378.252832936;18554.129712953;26657.500827519;38781.51853198;19548.538349142;23934.299931151;19694.602837906;14999.82920387;16619.827014035;21178.763479865;29016.083774858;27800.012931705;58063.566991523;10001.018669791;25220.426679504;31859.772243849;12407.139983191;17105.944012346;29996.93167481;22633.161034006;29408.608357354;56827.796452836;12228.624812736;35198.333511117;8123.2291615108;23031.74457835;19109.837431694;16128.049859494;8770.436843193;20666.367560869;39360.605146081;21044.946232336;24849.485271522;25170.124705965;11553.59000279;16334.299458903;10962.684629939;24800.698398899;28903.609591521;12538.721971879;14492.313616656;11722.100380344;15265.124181184;27260.630529885;13326.909972673;25361.198711888;16104.885702206;14577.970470825;0;21030.810988324;23114.754646086
328.23557200894;69076.993025937;90208.456111642;85654.889917331;75336.294084711;80170.608418664;83015.809178483;62396.815112677;58508.223326737;43000.303603797;69181.791498213;88602.533240901;74040.119836175;71291.722558662;29813.036477246;58434.851310055;63826.022963408;85562.499018541;80723.058855945;68321.608979933;72559.139791685;98231.185217968;83572.388849744;86798.891713848;95190.587088878;92342.646341623;72766.508973467;48957.789909582;66823.499770908;53367.996453158;37286.599247438;33599.668754532;56741.2621375;65703.194739099;89134.665486945;92099.133840623;85008.536500484;86465.502475449;76025.721462696;69779.43930082;74001.71480469;53911.776907631;64590.791584373;62914.055806792;73531.459349413;76985.315731693;75907.283651099;53399.554699196;33848.998009911;49728.681108695;51968.812551364;79452.722395248;70472.199531443;71645.262410891;91465.577240277;92603.342847513;68804.178787041;83500.039022981;82754.348697775;86107.218733754;67191.887669421;70616.421893472;71831.519646082;67971.36870455;47368.094329419;42364.122222523;55753.814042793;50395.09892481;77062.047089953;62208.559252108;49387.945424778;105434.62376086;90851.091323198;84024.643514635;78258.302127919;88521.900225584;95674.89626363;65721.922310937;78351.378057716;67903.118160687;66521.412891783;72006.972247018;37369.311445982;46809.310139253;61297.786628777;51852.274426652;80989.731687864;76356.903970869;80159.486223755;89145.038331071;83136.676706139;94096.268230673;95966.681783392;83383.769973076;80357.063832014;84469.237518935;61997.307418625;65176.391932871;78949.446552174;75335.658250976;54675.493814401;40604.371383732;57331.8145991;77532.068418092;68648.99501526;78302.063264037;78010.34455094;107346.84960861;100407.41148522;93210.893073006;88906.349087005;79928.516914754;79422.026332511;67336.251665516;74466.788832613;86537.768518968;88336.697127314;75752.839736513;76250.561386212;78781.747108497;47133.31257806;49798.764933253;69396.776075123;50378.599831049;66503.229478943;79435.78659616;83710.757782359;96011.238413523;74605.54134729;64544.26179411;77182.827036222;67922.51911408;72082.146009388;69829.194998004;67952.976858455;76347.028773993;57890.592215299;64009.756001914;55525.182455634;67291.72970659;66758.026155116;80037.464435337;108867.70167206;76972.36667263;61915.966410903;48524.811760927;57172.003235017;75195.973988048;87301.513190186;77853.804007683;102128.27315919;77603.151361354;42131.845401388;57354.134209645;86697.88629452;89939.852092511;73794.995953201;66126.17494167;65905.110768927;47159.171539896;74341.217931789;82497.034231844;79557.938177908;107264.36145635;86113.505794969;77640.265076332;59033.755420934;46072.470070013;61480.326319384;87583.57300987;64033.200919404;72864.620631731;56343.130403613;73619.442846556;80391.692442915;100791.24845917;91223.794141879;99001.213689569;69436.622195311;81065.053310607;57982.99077741;59847.77459101;82897.825641035;67119.782160619;59706.046074452;65263.383745219;70939.05818458;92755.648461834;90299.521804889;102130.62808121;87657.568226552;94093.239667303;63836.964964001;60427.561052125;85763.387582211;75598.879902774;66742.38411437;77155.523419213;90773.726055375;63734.467031309;81023.055885466;102996.77810967;73604.281598209;84913.414506627;50515.459153645;81516.588787726;58598.894887916;79170.220176601;83151.635722276;80383.870314704;89953.298830424;86560.254614369;94979.55213606;81877.561947211;72264.402704997;64243.43936311;78793.568814145;68766.801095108;69159.958929796;77394.207017033;91875.854553631;78225.939831409;109989.18503177;104709.83206479;84858.979718868;76086.424448207;68928.051762153;67038.31214029;68288.535568143;79845.117457872;68587.010557891;87958.50485395;78300.61556555;90975.480917188;90205.155008234;90722.396820462;69835.46564497;59394.471080021;77871.151634296;73679.09345443;76689.376257066;85968.27119299;83209.091851711;90962.377363461;85096.573910237;77106.192613077;52447.107306771;64047.164142358;67387.753551561;70118.825518455;75825.155366653;68674.956950158;77064.501484209;93559.380912263;84158.327046802;49011.694374662;56406.023637552;64841.350986782;65578.061069525;78362.474959935;77025.679691333;77760.844346097;77370.286590481;73935.871680455;43344.894706762;56223.198522785;59311.376637433;51664.013243256;77512.821820168;76340.110600395;79109.975591824;71934.63255825;72537.423311138;44834.44274553;43992.605261315;61967.973255506;66997.884021424;71000.608460051;76315.346418705;80089.174827203;71020.967849031;73720.183463841;59247.618381641;59452.17523391;57730.06454012;56462.947749221;83366.923377694;80253.855834365;79691.026868197;74839.468663583;93650.858378354;71416.647148486;62266.980426003;81198.429762181
331.26349371787;67552.530340025;85862.060955826;88783.418832141;57466.181719235;78513.847101193;87781.288192055;75639.949735865;61934.206914263;74950.651084888;81179.284747219;97349.441739584;86577.702319545;66716.931342194;49599.613946696;85721.77795534;81198.503619091;87857.590238404;70809.00310097;67413.716836322;71837.304595193;86055.858907613;73326.458283425;63402.163048212;83260.251057049;89362.635452613;89564.838508694;68616.224781252;101838.55849948;74830.022770491;66027.131236154;54665.277346115;68039.996017521;81388.5627114;90072.083409493;85286.310327519;71666.746476713;68635.721326536;65767.393921172;58416.316737187;56958.313130229;47814.412621211;74078.193371237;78026.530833634;94332.193337195;116913.52806289;111644.08623411;84284.998621465;57545.361602957;67401.309651434;65002.257080553;90453.444428207;73420.091041442;75347.757775067;86886.099031824;83443.777511639;62372.95648882;67224.8842938;62513.281628715;73370.144661526;62734.818251632;81306.83055356;104838.07163893;83312.416622892;61098.348917162;53267.70875483;81347.684789976;73962.614256155;98756.380103759;78750.239233685;74279.478135144;73435.23450083;69491.890720165;75218.085795781;61588.211322499;60664.33155128;66553.73852276;65333.509518546;83236.127911996;79186.488392677;91997.590268355;89029.483955289;69308.907873459;73076.596749693;74517.641901087;48218.340815358;72098.672372683;82243.238940423;73143.902074306;69290.105839895;70690.44862548;71124.31558895;66713.489030837;52675.111161161;57193.649710589;71898.997834903;74096.169170044;78973.303744889;74667.212835587;92880.871209623;83199.694474666;66623.904245223;75541.956478357;106478.07626129;73849.494648226;81376.237253553;79665.465029679;90779.921571706;79244.810258357;93269.756622389;66584.82497206;67937.817665147;65607.169088088;69346.066476691;83357.178011133;88395.64553299;89597.187168115;120813.84855545;96660.21341671;95304.708363655;70362.149006985;58399.767994016;66772.406469581;70124.491257949;69791.421236198;64839.88468962;61780.072726002;73686.43397255;72569.278891338;54669.764126333;89319.096409101;79000.672530496;96767.154431061;81509.788211356;91682.818863255;99363.696390085;79861.883731223;82275.226685668;64811.5623046;78814.670382676;69456.956716429;56919.489359114;80230.02416152;72931.897249411;68396.694056352;59587.252039711;65547.808500609;84166.940592881;94161.207330342;96864.300816667;113287.05834073;106936.12718087;69695.891944582;65613.091699417;92766.317041233;89686.7148219;63812.020788169;64037.321234466;69918.998187249;62507.067315366;72149.402840447;82091.688277021;76998.769728008;104974.04540249;82806.569854977;79858.259908716;58866.498619839;68010.08974823;60381.092459521;79692.673668399;56204.330342634;58691.766813335;66395.190033246;73833.762043772;80287.900838266;69341.454497928;91626.629681106;85418.517920898;83442.013581849;91992.692067654;63695.775142069;77735.769856369;91024.74139326;72000.002828093;62783.373097167;58268.808615183;82070.488955595;82104.174096069;78225.339067999;88998.968044047;88779.733755139;108466.67513683;69410.810971849;74873.616321338;79838.357198121;66183.552479379;67303.772542719;61543.478593016;76264.235546708;78291.436845675;88072.872103733;101004.44314164;89244.029410311;86423.011959801;64670.13423965;80872.576689028;59809.784267477;71161.174183731;75638.821431914;71185.237089589;88683.300882233;74414.978356894;93665.104270857;87522.416531918;91381.848275117;82193.49703345;97780.926672192;58173.489122614;72963.219470552;72997.118948888;74965.284035206;72251.674460475;92858.413776243;101229.0325686;109458.5166024;94118.178086885;90098.015341923;55003.715582203;56838.017680333;61085.053572917;78099.030062896;86296.373005465;71057.506875301;90343.617090646;86631.498056852;81335.686768887;88402.736447598;61419.513671458;63388.706846221;72047.959915218;73529.692814622;73602.7115504;70399.963672641;86352.531955777;82456.795381219;82148.489911291;63969.98036112;63092.802823141;70516.250947891;79767.957471341;69577.641064386;61299.122254099;90034.096979118;107806.31447757;102529.59912828;59973.449984828;59169.499376072;66113.520608937;68640.932929988;67150.504661152;82601.996957381;84306.711616114;95431.817561639;75574.549777346;55345.312814489;69497.949427636;66201.984776618;62559.612576375;79470.755836102;89484.161048259;79810.990163582;79099.835645461;77800.769268448;61929.42380762;65611.655845947;67191.841707271;76659.668166965;65656.515476666;83017.65208285;91629.998538872;81848.664520157;72228.706094075;72933.265753646;61976.85944136;69610.346100559;66972.330879476;88300.171650131;73860.227072087;88412.385620692;81596.325495078;90352.209954643;66609.225222013;80552.692433734;88450.887530465
346.05474208261;2545944.0059426;2747097.0889176;2388971.6464081;2690821.9464241;3570034.4611271;2270795.4740609;2415531.274646;2226865.1684319;3193708.302728;3625175.8028789;2681287.1366495;2787449.3091361;2327801.1018182;2952700.6490819;2986470.2725688;3414464.6303741;2602140.3661678;2428135.4068056;2174786.6249506;2995187.5695119;3076134.0593407;3159355.8218801;3373981.3071703;3678539.8137575;2646963.4775988;3154404.7503185;2927529.27061;3326187.1209568;3913426.9864159;3509381.4800049;2587350.9908324;3975208.1876431;3350019.3551713;2302503.5010718;2504940.8080932;2922955.845705;2655132.9961922;2346188.7336516;2798073.1065556;2440617.7736304;2286562.2354906;2715343.7224101;2835945.7805344;2981014.6780975;2397829.6172121;3098086.0049066;4650878.0707796;3078621.2096262;3544758.7611829;3556867.9807331;2205409.66896;2143449.8391851;2312213.4454591;2668557.6142956;2453033.7991664;2293091.957113;3201793.8168216;2520118.6278723;3131046.9224885;2996402.4103072;2830995.2693092;2327806.204866;3765395.6076528;4352499.4965412;3414903.9471238;3939329.3511465;3113674.7696332;2551261.426089;2253531.913427;2698295.0141803;2200068.1953186;2388620.9360643;2356138.4687935;2734696.8451418;2763965.343254;3065710.6109567;2806068.7694912;3198988.5393596;2738246.8552749;2180150.5265809;3206056.1978954;3709478.7851033;2997139.7744742;3892191.5913896;3830547.4966734;2745726.9319573;2244751.9343269;2866511.3916181;2286658.0099648;2368275.0420308;2607732.694245;2899242.4447894;2353238.2779494;2499300.4587068;2703154.6907492;3073741.4631986;2489200.4114265;2586466.9999131;2985383.6218174;3847679.8806474;4139761.4715374;3996530.1160611;4366248.8850418;2653849.5710657;2386099.2996936;2675840.4705606;2755608.1725355;2894499.7932617;2395122.8117396;3110055.4961583;2628336.9892808;3440989.1391099;3114515.8880874;2616655.8156498;2696223.134141;2767500.6805105;2966729.9354671;3056615.6774823;5027117.5861525;4072324.8782025;4302030.7819599;3828031.9767424;2231569.2867455;2068917.1526347;2226046.503704;2572752.977463;2590101.0785759;3078821.841169;2507183.6571353;2449206.3385778;2487484.8516088;2887451.9855158;2967615.139969;2655299.4446671;2727244.8633913;3528030.4969239;3465977.6461371;3249574.899092;2495403.8259574;2153633.2418532;2714688.0695858;2726785.4408345;2883522.961679;2546877.4797674;2720723.6595845;2593489.2667184;3056450.0035228;2802213.0283954;2867058.6560946;2635680.4895284;3970587.6374008;4153719.2080392;4068047.7825261;2849332.9224432;2413113.3955492;2502574.7035167;2532199.9716752;2702434.8673816;3005097.5339364;2453066.6676935;2995315.3003069;2791004.9267008;3035696.2189708;2831410.5535499;2762059.5106819;4032624.8383805;4408653.2615094;2692951.5212612;2443254.6458212;2529253.2762575;2994743.9058873;2949364.9545071;2458158.6100989;2498417.924678;2528239.9989446;2758873.3934904;2924352.5567452;2490203.6690687;3426862.3599318;3856973.9189729;2904562.9401085;2524747.6642222;2427986.173193;2246171.7998355;2657507.7789792;2471126.3325634;2682066.27485;2368380.8148221;2966560.3325519;2588912.6845967;2680047.5319045;4085705.9592507;3505822.9662038;2561370.1991168;2627205.0223643;2965845.5366006;2400498.8102592;3171716.2636736;2556378.9775193;2615923.6953246;2831176.8814759;2848415.3344104;3575476.9365473;3398106.8084895;2549883.7439788;2768631.7468306;2625327.1413275;2761219.4587547;2995659.7153418;3077688.75167;2874072.7285062;2629006.9094457;2709265.632784;3047868.7904572;3725254.3345731;2767844.7218098;3177214.8352292;2703907.3789358;2811742.0394622;2880723.1479718;2694830.6474935;3026701.7846755;3020196.4789852;3139869.6284037;3518505.4412879;3210661.5789254;2768272.2206532;2519509.9493267;3462838.6478653;2502386.308471;2316341.5146352;2272016.6022799;2494287.2703139;2992865.5786563;3468365.2102335;3482415.2060271;2191436.6329685;2408250.570204;3339283.7651568;2864677.0241366;2869504.4673764;2574443.6610106;3189657.6193563;2583193.6501785;3501701.3481336;3620739.4899126;2587437.3163138;2979116.2282696;3271630.2294221;2787412.2706137;2326444.1033768;2943154.3266038;2796452.398528;2939292.2870403;4568152.48777;2706925.0706183;2778706.9530096;3518289.2074647;2571450.9578735;2698619.878198;3055747.1227253;2665508.3766985;3693578.9594673;4389049.9137756;2479895.1822564;3833895.400585;2353650.2068324;2636754.5309375;2893809.8956776;2741972.1336409;2732084.1068265;2540060.8808951;4160393.178679;2636217.3949413;2850032.8722911;3006220.789793;2685183.6287322;2644304.4099494;2597341.007135;2861096.3469437;2945488.1777681;2338419.3746525;2694338.4476915;2628651.6528897;2527485.0883896;3101591.3908784;2500217.4492897;3059611.1950058;2751021.6684669;2625489.8941333;2358894.4233219;3097665.0645378;3041966.0569386
346.05611909701;4081153.1128003;4933112.4340775;4036636.0299079;4889451.0647832;6064331.7405303;3895978.8791108;3713663.0998336;3456658.6347687;5389830.6494667;5853918.3663486;4589765.2471618;4687954.473789;3963618.3492272;8500844.8541669;5792317.0904331;5799723.9357069;4503666.7303963;3991407.2396558;3466962.3756339;5250854.395674;5595838.4478977;5134824.2850724;5820580.3557802;6847537.5205742;4337632.7668244;5223082.1238995;4564431.9091302;5511634.1345412;6895593.2419683;8437259.8043862;7797254.0550188;6747911.319496;5527256.879639;3764361.3412689;4314322.094988;5023810.2987366;4383364.6658835;3693075.187696;4981383.5876441;3893434.6565793;3225105.6042804;4124606.4163875;4659648.4807922;4570674.4706035;3756549.4336719;4815835.1843695;7720876.9161067;8263872.8659455;6212387.327614;5641062.444272;3668597.2223999;3410783.5546108;3814840.3597299;4612880.2119127;3715924.2889179;4011636.3051364;5813317.7486262;4380895.1564624;5285955.298322;4881161.9282468;4410981.2812818;3648718.715087;5896547.6861296;7034040.0981307;7936947.0697809;7236226.6715798;5030493.5313699;4395828.9248239;3651944.8446891;4341587.8854934;3711661.8924923;3826481.3989556;3689407.5908472;4752737.2992412;4673284.3919244;5316756.7184437;4393685.5469211;5569939.4611583;4253017.5831813;3598691.6652125;5391644.0866231;6185361.3538273;7321959.7104342;7263609.7620578;6683626.3302237;4674466.3749287;3869321.7073351;5151248.5927348;3778348.7116632;3877769.8598168;4267864.0695051;5036764.660167;3663567.4815896;4064941.6676474;4356986.7005265;5138853.3636036;3836685.153687;4222532.4614093;4852822.0419764;6045693.1657378;7030909.065;7685319.1442563;7238738.9553812;4545752.469216;4138453.8674559;4664871.3685414;4869303.3534603;5239355.1185164;4101712.6942497;5028803.8838728;4148500.889282;6125582.3749539;5202502.4275388;4100125.0455919;4413320.9476395;4411003.3009667;4668277.6493596;4948620.525446;8519587.3889181;7041844.628673;7499150.8355593;6250652.5463311;3509015.989815;3461776.1038904;3328038.912865;4210057.9588625;4503121.4141151;5243055.1054358;3966271.9053247;4077340.8763455;3625463.243464;4499450.3992747;4614042.8706343;4080507.2724317;4575346.2709279;5948951.3436285;5792842.9694864;5260377.6531349;4127689.2042618;3367638.0663828;4353154.8408543;4806529.4592875;4796117.8708222;3799032.9199371;3949733.1343777;3999428.647598;4875175.1301606;4324259.0623247;4525533.76826;4383455.1902513;6304895.5375843;7033512.7835837;6759760.5052489;4904291.4387505;4260230.2033355;3951981.9891359;4390469.4829981;4274898.9350806;4553922.8012333;3780323.6578308;4628062.320212;4399380.8198424;4950593.9292547;4440286.2622153;4562239.1819761;6630345.2216383;7255359.6875456;4412429.3800026;4107908.8422027;4034588.1326384;4716283.1519978;4532641.5509083;3911066.143511;4026413.2931978;4094619.6072118;4568300.0209441;4787155.9550877;4041799.4921959;5935118.2852498;6431906.3702526;4877273.3659835;4180430.2182623;3769283.6132472;3422570.1185632;4304440.7846913;3731226.7418861;4182367.5827254;3697560.5504774;4914632.3324249;4117116.8070082;4536129.8347171;7019042.8194231;5979737.7779044;4390334.6001879;3949847.0950071;4679997.8225312;3723162.5340392;5087272.5134944;3878318.8621521;4103439.9713683;4558152.2297257;4681944.4234469;6155250.1150529;5645745.0653633;4258421.1118756;4067701.4348228;3999856.9475349;4321198.7206742;4721962.6705037;4947890.8315769;4436210.5118097;4202714.3023759;4471241.1542914;4958936.5669625;6608905.9758043;4866836.0750151;4939175.1809649;4172718.0585019;4257239.1853748;4614315.0164646;4016421.8715151;4950656.9721218;5015472.0294223;5312200.0747341;6277374.9225331;5653087.3095693;4163563.9520099;3851602.3827409;5322384.3939129;3832544.1634988;3618788.6154813;3440704.3462654;4115197.0180624;5095837.4465623;6154609.9599045;6259511.5918366;3270048.829735;3622361.6257817;5361693.0949103;4452333.5599827;4492793.9126804;4017569.3232116;5133825.9452029;4275995.4896458;5605685.0326729;6821371.035998;3862124.6352225;4514245.4090655;5016444.0034004;4259029.26474;3558778.9977394;4862645.2377193;4765980.2247296;5227122.1730957;9079527.8632913;3939592.8124874;4206404.349585;5713636.7732539;4022124.696643;4242954.6470573;5062293.688994;4293811.9619773;5842486.9513633;9460083.7396224;3714462.7116698;5857264.6351235;3518092.0089776;4026690.3133689;4669267.589077;4292448.2482011;4149399.1640907;4053875.3250271;6917467.483343;4060645.7405132;4428276.8691975;4690471.841967;4204205.0531682;4297764.2211341;4248384.041936;4964230.401188;4948806.6681559;3457789.3368773;4167587.5049495;3886064.7908814;3891223.48952;5170346.0217562;3844583.6729875;4992586.6833294;4499878.5696345;4443883.0963217;3694699.4150302;5192818.3598432;5440076.988172
347.03878895582;79422.368224908;88860.081949957;76061.666367199;84295.591566362;134255.24837195;97359.195568168;76433.697759259;65119.82652069;128951.40003454;162354.45867468;107402.61835285;86135.902870796;82666.052343235;163027.84767284;76074.654371015;181607.19238629;124622.74631518;109416.22018083;88643.423547835;90075.245227863;75994.228825025;88575.028329746;102980.57580236;97208.199775244;70093.276085989;93578.23913262;84322.52954625;117675.71076466;125667.40084196;196761.91589585;145816.37629725;142823.55617857;169935.10296793;97689.777056016;100505.17604232;94078.897817439;65408.35456595;81271.504128281;77436.229842831;61830.778682295;73317.844186104;81073.262964207;78910.573221085;90733.759974254;72404.767603858;96582.473962395;187694.76618062;157104.20478222;122713.56260071;215364.75318859;122714.93691714;87655.300095274;85073.251859341;66217.813744276;74562.672872538;67659.523986587;72166.465607515;74411.879069197;81900.919482893;93627.307795783;90763.188918603;70515.625549162;166756.16061216;163888.14898945;163304.20532902;137525.85367861;174140.67980051;96146.120546622;87938.924914086;95316.478780781;71212.983677186;71292.264754927;68527.763560881;74277.516589333;85818.576972479;85994.802341039;87579.511165731;95284.245073432;63824.146058654;94887.975055916;127588.50388016;128659.64209727;110786.66146346;128731.57637175;179382.21247862;120327.63350277;84519.172291231;86312.670608568;75813.104503313;70727.374188718;77623.022675642;79728.824142889;77898.549299297;75370.615576146;97885.568884554;79129.46038411;74416.201272742;95288.354252947;96728.255961064;164798.6719986;121363.88144373;122188.56012822;188274.38003152;118852.28321703;84470.555151652;102337.81695691;82498.329936258;72018.753358057;59748.815749637;87994.008518739;80379.746030056;80941.264349211;80486.286724156;65947.553917119;73374.445830291;70569.792895739;77781.491328097;103004.18427468;194122.7256095;147220.12898583;170334.64883073;143080.5525845;78675.072210796;65867.626994248;74117.846320024;74864.542829351;71437.224512127;65538.721975542;69652.072244735;55668.017307622;95215.697900164;74884.842352006;89826.67970632;96742.317058217;123329.45838125;136531.77839653;133058.65413212;151034.56299205;75324.523295414;77968.2529656;86060.72958691;57883.390999329;58271.519250228;72813.748393254;69117.486157654;68372.779422263;83061.447174913;99965.229789134;87208.481126833;88179.841271664;170988.07356617;168397.33521512;185626.59026189;94850.394370635;88206.205838654;71705.72930508;56177.341396731;64701.52641446;68824.641001326;59524.731304033;72165.423765147;82611.004512887;75972.92461352;71743.14404251;115193.43658208;165939.58556779;163733.62612915;86501.117303053;99021.350539701;61396.897189491;57659.222266767;62863.648181375;74241.729876992;67677.50255676;67090.769428062;70193.185955479;93919.56242381;96755.724849348;115307.35418907;134326.88795228;106745.45814151;116323.91443221;45527.462521395;53531.447460998;80818.144964103;83348.830490096;81524.551165033;75989.4017387;94625.312358862;89723.876405234;97208.026904987;174670.88546962;141599.78848161;116756.6982229;60138.837392945;68866.637419652;89769.149966048;81535.514377274;76944.16750719;81681.172269977;90405.585046545;93807.430593233;156619.80730552;182446.49623125;89089.563759506;75823.433615665;74294.720362695;64834.275147039;86699.332109888;78719.262770049;80692.942798782;74193.294836776;92571.227734467;124053.0843683;174448.84475729;123353.85514586;84839.380062987;67466.974803388;77749.097628659;80269.047888489;108909.68292123;100856.98707508;64688.995124495;93094.589511324;146711.34795653;132247.20212767;80951.296950034;76014.381880283;97563.475057103;55186.64578191;91761.482991803;80346.368379485;72239.798171781;93093.42360527;134086.41514976;150067.58945618;63996.57929849;83186.827343007;76147.434311343;70602.377479509;73065.636395274;67012.77052506;104499.70249233;111705.47418845;135734.98612611;146546.50492856;77164.609054625;78058.800650352;79042.835998387;89133.044385139;69043.047651576;78465.227191631;96738.596543307;132376.3874059;182236.5261569;87625.381487269;60727.180328455;74901.126088668;76213.833244897;73808.623127666;80395.115323015;92579.204676472;159467.95331586;183101.97032278;84918.741848786;110651.35262222;76537.734458194;62666.544543191;78643.767325699;92872.703665233;109416.33251641;127970.12155804;181285.47697367;80835.909352427;62196.790527163;82022.056921645;96706.740221115;77683.5944029;101356.41570267;122403.0252704;128509.37220288;70339.916277382;70161.191246243;83668.425009135;76452.27183528;91168.273848527;88501.026617141;110630.89757441;115360.86850585;89865.800414915;93694.486342441;117302.41023553;113967.7551181
347.05817795896;72205.415772973;101124.53761653;92408.781594236;101840.36367494;123984.01309876;81584.18605708;76531.03262612;75537.523108494;119741.03231876;122771.72871525;99063.230168952;95331.586245504;88824.451874046;160644.4109596;115402.6313312;129141.22674962;103930.6640558;83752.32769916;84473.081762811;114253.14080346;120443.32375766;109489.33964534;119115.19775588;128619.16685567;93275.832797725;102394.66980811;99448.888050801;111714.17950311;142307.50867861;154818.48991077;154410.46532449;158911.48744332;121405.10294919;83513.878440332;86613.10009615;110525.82287786;97013.728928496;77112.870944308;97325.44221732;90351.607567892;95665.020116257;95830.048919837;112694.10476319;105477.47509399;87797.003020359;104498.88945379;162142.24647854;161292.06572933;138986.4662139;128893.54009742;87239.872013342;76642.427076316;84770.351801279;113161.89290203;83092.991435956;88522.090520547;114766.32177709;90923.202529694;112202.91377067;105535.88500867;105512.98026247;89234.543640657;130850.8843369;143979.73080802;155602.76578028;141266.60128487;103155.44438392;95895.577743169;81895.476747981;104213.53379555;87812.627745877;83984.551775088;75086.920153736;106050.21363501;111834.04550485;104733.77268667;102507.60868456;118533.63761023;97136.886400529;85222.692243755;112440.33764794;133512.67927303;145230.06471377;142584.43982086;136052.82351363;105075.55148117;87907.051304671;101932.78965452;89543.26903134;80675.95803943;93677.017380727;112199.50003219;83808.258023413;101302.02482777;105875.35145976;104129.89913361;96797.273940421;85508.240841032;101267.86095535;128712.42188962;151874.78088663;154843.54677711;150081.73563876;97564.866613224;85497.474528068;105132.05292836;107350.94237308;106034.79987123;87578.034715087;104903.87148517;92404.201331307;125897.28386496;118465.26336227;96108.304787271;99574.933143538;99398.445447513;104342.42976175;108155.86918078;171973.3899438;157135.3663439;167583.37493116;131242.39906931;77837.947100638;79671.076830627;87851.333547143;96106.042451234;100460.31318664;114888.04491241;94279.302758904;81134.641995556;69751.414389612;94188.318568763;104213.01598934;94853.296422592;99930.739269421;118812.87057868;117822.42208862;122530.1076604;94229.140284148;74948.669897013;91098.223158279;101797.69245969;107376.02204285;89469.972919379;88233.28289322;89896.437024436;104560.29384135;97151.710660767;97315.261552016;94113.127778169;132963.63082937;135257.76202207;152114.63171475;102498.22178112;86404.642323379;98266.642495807;99572.555359349;104515.94225887;106241.35903047;82373.858765367;108717.96945878;96864.936285914;110400.10834518;106860.18191902;96769.362525775;139341.53184275;151923.16684773;91351.228264778;94767.213419342;93121.589742674;113852.68874364;97585.021319822;92782.528536149;99849.749317895;87922.813624584;96479.351164961;104721.66431503;97145.676604946;119499.24258555;140182.26827729;97412.670000276;95440.154937466;87575.343805267;86093.170429428;89330.177858708;87963.612783056;87557.909539647;85883.778886655;103994.47556565;90699.372957474;109557.02531848;150008.4879232;132420.45096123;99473.632563015;86132.735605537;95777.412179705;88180.867643441;112739.37994145;94348.035387866;98736.304993881;108663.82145812;107926.32019328;124360.21513711;118207.29426744;81391.233821094;91445.050565115;93995.367290262;100134.19789476;106274.16399302;117385.90705194;88496.309242012;97094.513925124;107443.06961463;107361.65607654;144085.47404225;92526.32103311;106995.31195413;95352.37098183;106219.99595906;92661.39207276;93220.759197647;104301.2062019;116535.70263442;118913.29734157;132505.10759894;116653.1257891;104982.34111154;87041.212154957;113470.52667478;89795.902201404;93537.065161594;76827.308215127;93142.249762929;115243.5458089;134664.21652555;121005.13051126;67772.814194562;91011.760658877;115067.49465363;102142.74910456;96968.409477023;94630.746798949;115390.48755837;89511.482728315;120491.54238477;136811.6203795;97526.790620819;97506.952778379;107369.67343862;101437.05743806;92020.301321725;105266.8019913;103125.41270446;109666.62679248;178146.87427934;93458.160010284;97072.11677698;126044.97226814;89768.750481081;88916.613514901;107502.24402197;93846.936464335;126633.44825161;185882.52318072;100340.01890529;130770.14961781;78800.736014445;83745.187557493;106706.00428888;98750.856692089;96173.987758799;95605.866885188;147825.53720732;95311.494965089;91238.411823283;107738.28860818;95619.888906067;93165.771305285;92188.588171414;108881.7634944;103708.99226714;83637.720043084;97425.378105395;97709.615180705;89981.899505319;113963.1294809;96776.15132051;110326.37016818;107799.75923338;106434.92986248;76978.338481889;108689.5063311;112427.1613936
362.04946529814;117004.42791819;118051.14806048;113626.51683574;101119.48821437;156960.2428463;128004.15745192;125417.5591587;119290.53459873;120918.17366087;171907.74070949;136394.04462478;125929.18431254;116674.7410843;159835.32612248;81857.988361996;187146.31669851;140087.46184436;138766.50733089;142965.99598413;143168.38165847;144833.44512244;169949.54139394;176359.32854835;180060.93961099;122183.96713065;148400.25843536;149247.07489824;153082.64182528;149866.24417166;205945.62851356;131316.31849007;148562.92833829;202813.77571213;134132.77272956;119385.47658189;128109.08103774;115864.37363886;118048.24777811;131977.11827703;127064.45484212;132761.61608203;142340.13977158;127977.05606535;166278.38278181;118028.25785607;144576.34958113;208416.66836968;177246.69395793;144109.34139805;233260.17514163;137447.366138;116887.66260506;121679.74097506;125272.42930929;138143.26302268;113093.88119853;131241.74813011;120937.71603304;148881.89146529;148806.24944502;141118.96576479;105963.53558734;191134.57329436;181418.4402662;141964.60083846;150005.36301389;203167.38512352;143821.33928049;105203.81094089;130343.17106338;118684.41552804;122044.18640173;124287.28047838;135968.82955573;123280.72910443;132255.88846895;143234.9648363;130774.83397852;106208.04763866;120669.67062336;154435.52167281;148756.89424412;110421.05456371;128714.78326234;211331.7204043;139341.6624973;111206.6529649;125673.94472737;119085.60648249;105911.03831884;129528.60173387;128273.74591026;142210.01417265;130328.12400355;142643.53787454;117738.2005795;102407.09096715;142813.46531901;125081.32822403;207524.32907053;142320.88017595;138994.25383907;201759.76018973;136344.0525556;113953.78478358;140010.56865477;140510.15694317;103256.3630403;99110.267606237;156893.18133885;132196.43515372;130017.33852155;117221.12784086;118653.25028066;83730.642879746;110111.06204778;124719.65541671;121970.94594919;242314.25099753;152017.51234334;187811.31315888;150319.36003609;102037.02897326;98606.38339557;141998.11512434;116807.54820183;112694.33299848;110267.0793871;94193.702534134;86773.655069303;138765.00276733;125573.2304732;130884.53929819;138639.43834631;157764.61626192;149280.56923094;162632.85370575;158586.33311614;104401.80678479;116697.48114175;142346.90794626;96519.025158913;100832.84707093;118733.15261235;117630.38935859;111176.49031806;119746.0886756;129482.60709631;104971.28158469;104491.62884179;200198.98582154;181213.85683816;200835.60932289;115394.0118133;129078.1790926;132773.68589781;124941.35197731;89959.433416172;107192.46434116;92176.792048971;138143.45338811;125697.75459321;125582.48427217;112626.14440377;129340.32635029;176092.21413926;184647.43195415;101560.57605138;126121.02109108;118878.17136871;99526.425058304;103310.1665398;93806.480525977;105547.15934416;104541.34305609;102060.16408874;128982.66838913;122723.09372258;115379.72025698;163401.00548402;120514.82741628;159831.31259105;86598.372091184;88636.496355343;102982.83664994;128638.04102401;133798.67630074;129451.15765565;147547.64668785;124614.29439655;131180.17746287;187781.81974671;158168.10532061;134700.44146031;98011.202813635;111401.02926605;99808.919763087;128890.63210545;119394.3300986;114365.7493675;133136.42319956;120609.94779239;161628.46373164;205087.3950463;113183.74388269;103774.45716541;113446.39642288;103589.12089284;132338.30417418;117446.41736032;136885.60824134;133692.33925023;113487.55065986;159330.68304381;198168.46210553;147343.89494392;120450.71046012;120054.6200783;116361.98628831;114647.77643525;150993.56618511;142927.25638799;109464.77003455;141164.36682816;157407.62760252;168238.15814899;110703.50368589;110317.57493795;122173.17472736;115981.85150696;108247.83911309;129635.58644511;116991.1159884;118803.61917268;137477.55664222;156937.247455;82750.424428468;112179.4982127;114195.39348416;95838.048927907;122704.7120459;109751.56976188;146867.53349349;123123.91834882;164210.72074061;147353.60655816;114699.57972375;111341.21194294;113223.79255826;131560.46406885;120966.7367185;125424.37556296;127626.40609324;130637.59280989;179685.56220142;120888.99282709;90219.975627928;94217.481988734;112670.5266733;107518.86729519;132129.82261666;122043.79278433;171069.36165597;162496.03424607;87971.356109987;124723.59932797;100190.81562651;87385.812960236;110005.06039032;122139.31230789;147310.02760436;139249.00031649;175237.11100981;94962.790934304;97962.453362513;113681.41839627;118912.46199537;116468.60144262;108435.25918272;145818.23604533;121694.41657361;110178.76212571;111932.85164413;118893.81733761;107561.35963472;129023.89978563;124512.61052183;142259.51015251;131728.06098264;119800.58008148;125937.73608934;143504.16625119;134831.26019395
370.13362708721;29462.445795405;24260.980221662;28263.283828912;22881.042276548;32594.083498436;35340.779818449;36371.011431489;36180.380750534;56969.922655406;51173.979667074;34003.406723038;32956.580099555;23725.987624459;58250.0060767;60927.243862613;44778.761938701;32213.793416006;38021.461302232;31085.192802814;28235.515041356;44039.891046284;18218.344611009;35428.250213472;38730.701030239;29206.495461308;35317.120339564;37528.34223959;29770.810985553;54858.490804377;52514.418394932;57714.437250848;80893.489605356;42447.751697971;36991.733176065;30381.057932826;33570.993087086;26038.412669171;25750.437173686;32080.509532897;36156.903727694;30653.718277104;36412.800790554;27314.193870589;46625.818245671;53716.196388837;69615.431653299;70175.757241056;71723.978348875;77977.74186078;48512.009126057;43810.660848954;32931.933247885;30277.574969929;38023.747340269;36343.564523482;21387.400547456;25392.499497563;31700.505834817;34918.800405587;31205.991126356;52987.31470137;49581.328341685;37555.370170034;64551.770436731;44092.464304206;72001.17246447;53916.299124539;54862.505547099;35390.491532801;28682.413236287;24813.181366859;32156.241598394;36723.923248921;33804.633925162;31588.095755787;33521.408392077;39140.670653232;37519.341307062;41814.807530162;54405.562918907;39958.752732198;49183.166774242;69840.276701898;89312.214132871;42133.920317021;36147.680438058;34211.285659275;39035.665208519;25820.738833983;31318.440315963;41618.944346169;34106.203875509;30992.534580558;34786.214209288;38782.688131492;39762.321917309;39688.973545191;58549.959512294;36609.650841106;59479.187248633;80436.262779984;82658.252554683;84680.147901678;47251.91698351;39927.038340758;27983.536460374;25637.273306234;24209.068797912;33748.420293009;24861.957376085;29154.428991324;31286.235449781;30165.573072372;42486.083412988;36570.100807273;28915.79324993;45988.190379907;39041.70095933;74047.52971827;85192.95747744;41697.967807747;38452.044742902;47031.401857167;40358.8249749;26570.762159984;27900.658412455;37767.273383754;33850.160083853;35688.167119627;35806.192977069;48616.859321735;39788.543396375;47416.172705853;45889.121538473;42600.059773214;71989.913672038;60318.602359956;34031.806373543;41683.489514041;38363.88383069;24219.44407357;16157.339992024;36693.370797053;40750.884091539;42677.26412235;25173.715113821;37950.919180945;50609.395605647;45107.931882387;44962.1127263;54548.274685836;55519.144532797;49473.468419849;38416.277474579;35244.911181513;35741.977179361;38753.419821701;36303.17330646;38215.745232151;31324.935028995;51132.959870628;51290.239471028;45388.760453245;45449.318006152;35192.770412884;44038.431365811;34140.254403345;29983.826268533;34408.269660223;29046.665302697;34931.706637774;30923.202170274;38520.926599287;31387.073669907;29415.513946414;44341.488496296;39497.005814675;43090.654022281;37018.227664875;49425.58776482;30550.89117783;32224.7510035;32757.381452266;31927.258111724;37525.378408929;37663.366448794;37473.121018448;34473.408031886;39293.065841241;50597.805084406;40577.403971726;37835.507604875;44945.761864525;26987.540547213;29145.116915314;26932.45483352;39713.799501195;32874.553209123;37545.646743327;51263.263080542;33233.52213155;40312.995445825;37660.136358984;41210.690438579;30544.385781075;34337.260207506;48096.483792039;28339.424924355;41766.458782064;36574.665154399;41349.143257453;35796.210789478;31495.799689037;38695.891867626;28953.987211127;28363.859596783;28581.510637051;38408.096506705;33917.955029461;37123.486806335;38134.224396642;38306.782484027;38159.136147865;40445.389637794;43661.422448385;56329.631893482;34353.693801355;29419.88640474;31200.129484546;37762.514237039;36176.251873448;36752.997555196;39526.707750867;42245.493653688;35238.412408904;36691.395080684;31461.582138067;39940.337365176;39543.310114915;42263.734348651;26879.603610496;27107.516104515;34485.740005795;42697.630926744;35149.555042432;31920.826569097;30772.378125184;24646.920467659;27435.936905376;26362.368039767;37207.175400682;43298.467144075;45769.680624826;28543.665030771;31069.020105813;44639.536968011;28051.466583813;32030.786488557;30430.247497869;35756.4843949;32895.668246838;37229.466944769;33832.329664458;26845.465166518;31958.672801094;32633.145922302;27117.622046087;30450.784684409;26777.801577243;30358.742645965;45647.716184512;28668.052119499;32434.376768522;24363.007608997;22255.715974044;35349.056045623;35829.076426463;41072.82831478;29905.296152968;31952.001092581;32442.974830379;35703.67922696;38615.442398465;31360.991915807;26539.597928839;43038.338500469;31463.458902431;42665.284710861;43709.278519743;23555.061234377;29572.755273875;25540.089631702;30181.304566973
371.13728910333;0;8709.3410756396;7416.2221563933;5582.6331487176;10978.095710099;11515.806039991;11356.67262917;8743.3196796475;18793.713483352;15665.962084437;14903.956004495;10795.667459473;6631.5619989952;20297.016969733;18902.715704866;14221.028940518;13530.738620833;10297.096507231;14979.666910603;13691.828499552;17132.418156247;10317.484502064;12791.235985419;16600.666280598;7611.7809365696;15461.566834188;7680.4343711622;13013.999827289;13447.935245245;18896.8382926;15318.502022611;21433.536187027;13306.748917953;5458.0575917363;12028.694370284;10278.496925628;11224.678732193;7318.7440832793;7402.1696271377;6890.3233642938;12617.152726466;0;16893.656684108;16916.645419382;13148.135512115;13105.870073031;30129.177657358;22233.029949266;26708.447519615;12866.226676873;15579.27283265;22614.289411194;8392.8913129245;9630.0820354736;21118.218691205;9466.8696798697;10335.501735161;8593.4688367433;10783.236407587;14567.459746649;14071.412079539;23738.952541346;9204.7012161407;23146.04582058;18879.628345265;28228.09783322;29083.633642586;14590.15245153;7213.0033144424;10882.599997918;14671.994229179;0;0;16498.813470438;11882.140071522;14042.167388004;13698.882611037;5347.233735107;9975.7575264863;15860.122578555;23487.816849388;23774.784873137;21286.232656875;39554.511596858;20306.072852506;21542.16978355;22143.889593371;8571.9671049874;0;13173.016671871;15817.788113809;11842.827790931;17201.93183069;8637.7780710654;8182.621961554;11277.553480644;9701.9011063949;15087.237742188;11900.371967449;20674.251503337;30333.618893064;42649.045829726;34751.949785627;17314.940545508;13496.796004386;7490.3270327795;0;9841.1506463532;13873.355064008;7736.3925022628;0;8006.6207912523;5690.6482683138;22490.625096173;10080.821007456;10747.968320392;15396.669359384;20471.576000954;30792.954295671;19597.506379516;20518.89268776;11448.961381434;26895.557902279;10909.262554558;21314.204885347;7766.0177697736;16023.061462889;17702.12914251;21782.477691495;18013.61804242;16016.134379774;17122.896768225;11796.325922711;14684.945278969;18258.666681914;25045.801964585;22466.771936561;14233.084675708;9039.8904849324;13159.427920175;14138.625345002;9516.1541015743;7699.9196925369;25904.700467038;9405.0371707242;15251.064133342;18506.72402757;13177.83680639;10602.047283143;16365.332154939;16091.276100857;25896.794957955;26034.355486503;10637.220452664;7135.6147008662;14578.868599741;6949.4774378698;12220.306358747;11541.64934368;5030.4813957612;13225.192607267;12073.430938527;16715.112540731;15373.862269354;11358.702804286;20649.940650889;14323.617843914;15755.744192255;0;14024.869110758;9794.9704740982;10353.392139369;9863.4916991264;10735.45594172;11981.73663589;13994.491141698;9262.0374427358;18909.736722032;23722.013268651;10642.194875495;12722.158151671;9083.4281091212;0;4529.3574245528;6147.5351764558;11773.165822722;13006.869779086;8596.1763280994;12150.712702872;14688.369911369;10727.542625432;9814.8480855789;11917.837657121;10032.215811587;10907.941240037;10686.726847861;8302.9436555448;11063.948793403;15133.799287385;11055.008360914;0;9829.3762367396;9371.3413582007;17761.475646885;16974.353709876;6626.3821825668;9752.192741485;9682.2587941237;12479.416957175;13311.251457131;16790.359813877;9843.1358722215;5937.8235203705;9847.2007871292;9839.4916802917;8454.3311442622;10799.040920007;17828.343368527;11649.535656895;14141.995110813;13284.674222762;8823.8364907832;15478.728644483;0;10524.157660877;13941.636050912;20268.547327426;8926.113230359;12510.371910854;14786.851745539;17826.412193029;9140.3014483189;22366.414389937;9204.013217318;7333.3730548663;11412.905411247;9433.2679075094;10871.662822841;9270.2403916285;11223.591383656;10806.00733855;10300.231211237;10691.479696591;9002.3878714473;14506.412413154;7979.9938572734;8985.398376952;15316.583493605;10573.421069475;7713.1831074623;9568.2520535559;12067.404549885;7133.7761084848;0;12360.435462093;11456.311683514;7451.7913736475;8975.3024181104;10600.485237713;15100.722721117;10189.63295802;15281.718000883;16438.380374082;17626.422107835;21465.676918284;9002.5225787104;6961.9650640691;10175.293379544;13230.051379169;8071.2956153592;8070.2110343746;8827.5675850395;13562.049355896;23633.301750785;7760.5163762064;15102.319985793;0;11229.435376328;11998.612873993;0;15191.528473108;15366.62387698;8279.5151354134;8663.3270997145;8771.9451989945;9274.3349663606;11233.494152924;6588.8987139751;0;19589.453359961;14844.415832237;10562.622831488;9977.7165811631
375.22930559183;49153.123592096;60943.022843413;62325.69204695;49105.717296733;71075.129009015;64490.638765894;51315.266843747;55004.038855405;45599.217865182;62497.697224601;67603.887482493;69193.420511917;57532.452886813;50975.48548184;55599.108403179;74703.528194598;54140.741956943;55852.716270589;54676.899810877;55143.518684361;55737.889734896;55614.521792882;61624.069765129;52474.35856423;52380.954606184;45928.887221578;38415.655219842;52512.720803925;49183.844823674;41024.299022151;42744.989470733;51739.783904704;45812.34344006;55272.136445055;58440.192367215;67891.917668848;65058.633401872;42907.398024909;37961.729839363;32854.963523973;34211.023404191;40112.480474236;43260.874508535;47962.424704865;44466.503478359;59732.279377415;42902.424005975;49041.590204089;57581.137015372;59238.256740509;68677.018596246;62729.284072491;50805.304579382;56860.782939731;54594.665062869;33523.822752928;47269.06693453;47877.230524759;58451.720820066;35558.708340216;47380.669785315;47756.469843174;39730.606156775;58770.158224566;53438.676421145;61993.518898579;59477.370640835;67589.408547042;65087.290441321;54510.007298321;48035.213764299;60636.89768733;41302.378477974;41276.089265508;47440.176245676;60042.588077763;40553.675291628;59416.829215939;41481.705482355;59262.00294021;56971.947360742;39565.097449996;55166.544594792;58587.387002589;58736.974226111;61133.206365141;69287.233939357;70095.696144361;62555.30122703;47249.424450644;47272.168238436;53169.548830123;49232.136037856;57292.375637023;51963.82859897;56865.32647948;56767.007002353;52694.922413044;59618.436331701;51753.259830094;57792.394448904;63032.101787416;84807.817749907;63891.54914163;57641.068376942;58054.251131215;63783.994201442;59751.435006129;60983.881842761;61432.355001301;58704.821555125;57390.841833102;56695.660965447;62848.369465201;55461.989532805;53613.86924503;56097.816756137;46162.966746558;71795.07840848;49549.940485311;48889.965399821;63170.849102816;54275.307818706;56469.274417531;52749.564796002;51917.658673979;57782.611954156;62429.320662018;51272.013017937;93790.673816305;36476.345808218;50403.473844573;58654.222971585;52070.136326008;56504.029737549;60842.196882981;76326.111115064;59439.261525008;74923.606886524;64565.643204336;44813.856828947;60426.252620214;59228.397738011;38954.446998658;46182.338039995;41358.03330682;56863.42185697;69726.130617852;63157.783626632;57457.03818794;72074.712284742;58535.004161844;46149.352302298;61590.350186343;84488.7343676;46699.127597717;48724.567902172;46479.124293744;36674.806655658;37724.630680324;44297.057950836;63321.024360894;79185.885312071;37454.831897501;46598.996341402;52221.40501346;56573.017963686;57711.573103233;74674.135243831;45866.576651454;52398.954232003;43262.971474148;53503.391283621;54903.686226416;56126.884349182;57176.709961308;61420.041050655;48590.547711362;49033.569371968;63207.660859851;48694.41012279;59929.838261729;46546.890281253;47168.711942987;41269.436382335;43434.670085444;46669.728843973;46680.205839521;48192.985607068;55606.014875871;58511.081335926;66832.545617398;73955.46798269;77468.885619453;46232.542648706;41634.025542635;45223.688811237;56481.243737435;51779.967232079;50900.01739446;66438.002324497;45936.445900153;60045.714329744;69164.521658203;78960.229180681;49626.163563145;52499.970956949;50182.118004368;45704.393107739;57747.928120903;56550.437566828;65261.778611032;41706.388868107;62704.007047709;64541.429971995;80622.790951123;44464.077877855;46487.394828221;45832.503832532;53990.202534614;58650.725162411;57666.728914503;61661.999714104;62855.479811867;58242.408327701;79216.047954024;44537.002824656;41923.318747247;50177.127218484;50317.985280666;58448.354081978;46488.095432651;54913.499906475;63516.638066772;58311.611709208;68715.418044694;39374.003046692;47788.113236787;46450.331767155;49427.235095178;47374.853759654;40956.860916675;55514.934082809;58711.788653896;53670.872859213;55475.89550544;48953.353390779;40788.147822517;56361.697535838;43125.985523172;55007.966183853;53255.425856072;67742.964332171;64514.145119897;67737.259723503;35985.015126561;44362.543453097;39569.138315443;45411.289163378;40667.19288373;49627.88961975;57221.442773868;56806.365162801;62781.702444541;42621.765309049;46925.295875877;39669.55772931;58032.596667917;52858.071205854;45256.965871968;53774.038114158;65661.318622753;62712.07123826;42512.813322728;43295.139890258;45569.311236813;56660.173304482;56575.14475896;51076.88402418;75474.993414284;57944.36333728;44455.284277042;45448.201301547;37729.36442826;47105.743198824;77073.033837305;75229.631320799;66682.335828181;75769.006267969;62287.2371482;53508.503356819;67939.270838369;67150.503832714
383.12895325396;8563.0237444205;5940.6597091739;10245.546308212;0;12419.144800748;11754.430203425;11859.347855745;17506.108805461;19286.498291949;15767.112915505;7216.8745197626;6758.9169466034;14031.045768587;23078.629152046;21850.621006407;14934.818905486;22300.893473826;21664.682307895;14028.885124929;12036.473079516;19006.367744406;7690.2443504727;0;11234.183302328;9914.4775216261;18321.439883244;16093.65700609;11979.61189319;17643.208457758;27622.867367419;27324.89008877;32130.555984862;17540.177863101;17740.479452001;14952.199109034;10785.988078398;14916.553408787;16279.460758165;11317.939598571;16976.80356172;15436.634969593;19896.689249173;15189.787542873;28571.266043247;31431.310715205;35047.266260942;28888.82773752;28982.690999494;29937.118335018;25250.306892014;31307.413104624;12872.812532619;13571.399056788;11344.331210701;14381.914148666;13315.338229694;13922.68378998;9694.9417270591;12747.435781739;19292.303395037;33786.389781818;20624.559438468;24767.617027526;37699.125213891;22181.323158855;24565.045223846;33043.841616823;25627.853540936;27136.684017661;17052.332364396;10542.784658561;18985.252736521;15304.527793495;10755.924563714;12412.70938811;15628.660103729;14729.310252136;14863.176912698;18134.487203294;30195.31691389;22864.84301852;24191.261236907;28411.071635132;36379.790727515;26134.718608118;26595.084326175;22432.848892769;17934.163257155;13719.783571864;14475.621397416;14165.932695151;13962.900065093;11396.810410048;16711.175781047;25474.672734703;12583.64576223;17357.683364387;23020.232268528;25840.466146258;24671.510919163;38365.996099657;35683.342760153;39008.48116019;19224.479758205;13690.601936876;17804.08141559;8449.5746516473;0;15099.785486714;6871.6044834576;10413.939629411;19896.351251459;15270.011118523;14460.675855755;15379.039237002;14272.639672817;24517.868740036;14216.204855286;26937.365134843;31561.131640379;17787.830862874;20643.200505468;19350.713105013;13581.002340333;14655.405999043;17414.770932907;11383.805006334;15517.094491204;12071.522907468;16801.179991164;25211.103387398;16830.821542705;21904.740081029;19655.302630392;20901.871677658;38886.556907531;32869.07376321;19840.471447835;15378.740822797;25230.488043866;9536.5046190342;0;10973.258401793;15735.812634122;19171.549521042;17536.073781439;24998.134793264;22857.95192828;14009.54923003;21042.199330745;22090.143885483;22856.712851735;13714.003824398;12651.164532052;10431.90369033;20745.207695017;14880.253209855;13382.332779019;8520.9588561154;15806.313826571;24726.131838022;21711.302443492;19121.739443189;17976.974008335;14126.198180822;19461.2231846;22826.040431041;15995.578788541;15584.126152161;11565.015225612;22921.809247066;5820.9274165761;22010.7419909;9531.0024645888;14216.250734307;19269.052687697;18483.827182911;11991.70688422;18593.50119313;11543.866651898;21937.007488512;17932.617333415;9091.2886543465;16187.929227111;10227.362776391;13560.658249417;6582.8491360179;15340.571717683;17998.960980719;19675.925454214;16589.51870367;16782.864334866;17496.478042966;14270.161940952;6069.2966602017;11378.929504106;19651.932659991;13803.50562255;18864.302782972;15267.615444087;15824.569158096;13343.409441995;20540.321548093;10472.21419185;11783.75078433;23324.025027394;16075.679861437;11519.882180243;11289.779684792;16259.05680781;11811.119320989;12967.626902329;16211.810313992;5651.6502000732;11928.085277928;11436.40863154;7611.2778222719;13741.693908529;11427.055544101;10496.097360583;19833.162589111;13448.710152647;17977.355246365;16060.998716991;11726.211106895;13321.557129873;13089.174166125;10414.340507789;6047.7790156695;9072.8159383284;14416.343815833;8740.8740338441;12227.867639115;16212.070091579;15479.171995903;15917.284872396;8485.3730438452;13466.840888025;21046.507927583;12977.264351365;18435.587101454;12350.771679601;11854.69160483;20337.932484481;10204.960189258;5709.4402381903;19413.52094209;14152.980078934;9871.2443604213;9001.7274551041;10954.039741265;9243.0275832397;9966.7788466098;5480.2726014426;10405.166109821;0;11503.038814315;12898.931264085;19337.539409792;8752.9904030889;12678.253346463;6672.4716211772;20403.962647686;8091.1734872513;13432.394132172;12132.482579486;7952.4147753305;9889.1414454355;8355.4982291373;9079.6101858541;13066.201315964;17116.361017817;13703.528139235;9529.9668731439;9132.6953298387;12806.600807174;28533.360876228;15770.273779734;11658.40398207;11959.526104358;8565.6424881506;12475.598431653;10468.52749207;15055.397612919;7584.7877891582;14687.05902248;9594.8785658533;12598.959182306;20340.412811502;7668.1870204638;14341.35254417;9863.98616704;12453.710369818
384.03137975557;15919.864905101;22636.857221063;16832.937679984;12122.591944879;29501.187212868;18029.738573193;12096.643081399;11638.725463466;5675.9459742785;28070.463487276;17921.950543646;17883.241480163;12433.03016423;18497.381604527;11907.387178694;31086.007474697;23489.157718417;21473.06724259;0;9516.6752496131;14714.506100464;12317.829664302;15636.167856053;13522.656454953;8958.3128079664;12311.309275003;10664.595390106;11227.119459294;12647.477324994;20621.761883389;11935.716053421;11491.928690302;16574.119590702;21872.151279581;15038.104892976;19377.002375883;10104.237444759;0;10891.005574798;8449.5282103451;0;7745.0250523035;20725.907775892;14424.975512785;865.19577617195;0;12263.802247338;15334.330100456;11087.788993749;38281.905963831;24340.638609712;17373.115630484;9843.0094749577;21573.633708057;21369.132296674;8249.6243398436;14897.439968463;19618.452324671;11559.047152697;14977.212746738;14592.578594322;14624.684878219;28945.005740162;14821.472333951;18406.246267724;9844.1212498801;18674.30047183;21860.894978901;22493.923209831;10351.266869599;13918.575657051;8645.3094555865;11120.237283409;17020.623750806;14712.529567289;11686.733075515;17481.280736785;12303.750175999;9333.5893831009;17556.898883245;33676.274105552;29818.27970705;10413.145221464;11440.854888974;23461.746370742;28973.088483837;19626.833958215;18354.037919498;0;0;0;16121.689773321;8039.5471820501;17347.282153156;12953.761182691;23536.798923447;10505.916534973;20032.075994092;24944.333153948;32205.236331181;9966.0675040461;23387.633936954;40822.12186513;26853.306703001;21876.096095022;24396.397766135;17544.504877209;8043.3848768276;8622.6700995557;8081.9622053535;14196.944901102;16293.699013474;12924.61111437;11051.843542211;16464.198108372;11752.278299654;19412.939154469;21276.814175458;34386.055434521;13850.763628426;32124.889833259;35791.532482229;16460.856156159;11059.065945611;0;11712.726285938;17170.974651937;12034.954212615;11294.775538632;13278.734329112;21241.427283429;16316.008819486;18823.089832177;37030.204308173;23576.119084269;21420.077594211;19632.170728235;37919.546451443;15468.322451039;16636.708238117;12592.512526517;18407.667777928;10993.417207702;8777.83533954;7076.4623793267;17507.328349639;16854.954930615;20367.867678279;15605.126226652;21217.971532767;33129.712868916;24022.152174694;37953.789881595;24991.721160611;16368.954335929;13821.00714033;12435.83090141;6041.9217482304;15062.975723931;15027.783405341;23325.82661642;13741.327386164;21753.936076807;27233.146113407;24669.980525648;39626.473129157;33679.262250696;15544.978721812;18302.579200427;16788.421044934;14718.834051301;10300.102253846;0;15587.916027596;12800.648827505;17753.972739844;23663.588869582;23315.446456435;32264.810803724;22040.924025297;32879.915719;11516.606671575;12001.001176932;5798.2304168325;23141.882988155;8295.0954263044;0;14762.616084038;19292.444836436;21064.376401601;29822.409118912;46268.452745938;29376.958041915;19175.914480242;9016.4895047775;12136.452712835;11544.356407766;13883.799975496;11512.353932815;15360.185782226;17723.192398461;22833.15852254;32058.571107118;26063.014865643;22935.097636563;11164.349552176;21133.200483434;15261.291530938;15577.054806822;18774.072864055;17018.129947127;11490.782736144;29054.027646233;24702.625021729;31948.677457955;24102.829608757;16934.384196949;14085.391940769;14420.387302155;13989.216739401;9457.0617647657;24220.517805097;27791.667946795;20735.126080032;30025.256855215;32575.492568988;9292.8794175943;14024.908368141;15689.794865373;9568.4160848126;7380.6822735501;13218.575935143;16159.888763171;22113.278276432;22973.354602728;26723.455184377;10521.127429196;14362.363237905;12209.64659122;12866.446680023;15085.517849469;8025.2075359375;17479.561203513;14252.534959882;23800.827590413;16142.47278096;19517.779303191;17886.548073349;9234.2980142256;14178.524772042;8846.7426358553;15504.263834174;13655.138996993;26837.554213671;28819.312381148;11475.34314142;13904.248184581;16517.176750393;9471.2003990651;12970.583115347;11052.965950361;12587.278201681;27249.788783313;26832.057361271;5655.7902412243;16396.671714728;7502.9378019433;11798.837381912;13102.45400614;23768.11464897;13094.717691603;13724.40724846;20696.129762312;8814.4292594872;9460.5429658038;16695.88578302;13554.213457505;12151.75179966;8487.4289078999;19874.750580558;14273.687222985;0;9867.3494914705;13752.212069864;14371.806369213;20624.171940444;11340.241930267;8964.4719677335;7104.8599942486;16519.972268507;0;8402.1997362097;12508.864109857
384.13688893752;71921.51818606;56604.162846573;58282.648847535;49367.019127207;89010.275892856;73869.855592937;81929.955135811;76345.278228904;109630.87605956;93682.910346983;74054.874625231;76286.449041751;60636.978694122;156993.76206009;141684.2143267;97985.733763651;78894.777790746;65483.724750016;85133.776597953;73826.811707952;75252.796367588;68734.680016009;61994.386472204;82943.117872702;74745.564065983;109081.28116168;84221.70670457;83747.505301485;119549.60964631;145827.74499305;153186.00503221;179179.57344986;90370.443001703;68170.942746036;56490.898873559;70431.582148508;57233.531757526;79738.624516448;69245.80985103;80596.94519909;99216.126479722;81339.1950919;77730.718883445;104770.89865906;125823.49232707;132013.67344514;140105.47448551;171786.87315801;158069.12254827;110308.69366259;109633.02380653;89912.265653941;77025.638607968;89442.902615073;84983.767182605;44653.393850792;80119.901031759;63705.768197813;73467.963571549;76332.197662029;102413.98784942;109523.63996334;89801.709426173;162942.05693969;155514.16195877;154991.74415297;140275.52687187;93293.407887188;84873.389260366;87267.613846524;66919.138635623;70192.512614705;65689.739424734;68046.196288512;66873.455782149;80484.536338277;76281.02492333;85146.429452226;88329.274369075;102005.47299201;88238.316444426;123579.00053635;155119.11437088;210690.82577485;113093.54230343;102237.98981988;72368.65697858;70933.341660907;50368.583001913;59239.826405077;78361.209098023;77188.223603551;76834.570103314;69053.570728559;84568.896375081;84219.241033979;89576.545076815;107629.6020157;89573.597383492;132129.01439217;190961.50333536;194476.57646622;195498.99900277;99345.835465568;76694.785780748;65514.747234604;57749.250823084;58793.72752762;67488.454586342;53957.963740823;69899.69955277;61663.938559677;78586.542453794;87536.82143179;94023.108620053;81866.786333182;89701.160253845;97765.641708054;145327.83732081;147879.43683621;109486.14793682;86136.495981799;85626.507140136;76196.336132585;80454.009690279;74121.119245397;77701.68531953;72375.850065126;79428.284052667;70705.619998567;115748.29339992;100062.51167587;103068.66542484;109163.6079714;91419.824086618;134064.51323503;140818.9779958;89307.572921194;93986.147793241;94709.193023319;68246.776469157;62790.508927571;67700.159229148;76556.18288202;82302.820018874;61327.595983962;82078.394828085;109367.31761712;89535.855248007;80068.937044495;99501.789214189;132109.43768709;96184.657185599;61449.39852898;80420.690452761;65458.730829023;95860.576565772;65046.269129987;78066.258443005;80915.739414315;114798.71306127;92277.44978953;92333.716861722;91733.041909775;75731.132097542;111095.41123185;74577.906398407;73371.461292964;82017.866892321;65693.246018849;77841.100562175;72559.498015189;89141.451436444;74023.152811407;72760.604693258;81154.429880249;95361.760689011;96053.730072607;75248.345299594;77000.104067387;69205.60462812;96094.255360977;60406.279751102;64915.46372626;76682.938628035;85371.049101001;80437.09651833;69465.398195682;93762.031786844;88151.526603085;87215.946009598;74668.084419381;74994.723639179;74083.330336594;68080.299695452;61397.974408506;79435.555464651;62456.137609924;78378.638991389;88441.342859244;87930.174187557;80014.242963444;86823.021008888;75489.864966547;69100.367037487;78779.942085322;82979.759242437;66523.975952992;66045.204856884;72811.248298643;79981.249622075;80697.234129878;79696.204589756;82835.171711955;64534.191173575;71102.154140285;59596.058474272;77524.597612298;70421.929248911;67335.255706079;88575.046129253;71731.237400993;70604.057331732;88547.218439538;72842.586577501;93689.962724938;67262.510199511;63388.650702607;73711.764017536;75958.279828382;84712.203951876;87980.308980905;79448.502359105;77621.81834239;65394.446314483;76839.689202378;82792.124754425;89867.374346237;80477.895803708;77357.725629872;82825.428036866;59190.932285385;81457.333863042;83694.176142191;82556.638579069;62103.657737902;71864.313550354;65650.272430189;71525.511625087;50001.577742275;73774.926650645;57865.746715784;70627.383370854;83554.023902736;84455.534549272;64756.10594622;69747.343944347;68573.761239752;80781.984089303;71787.626654559;59452.552368852;72387.192218726;70889.350532146;50960.604215893;71293.398803561;69416.07904972;66833.065909233;60128.096546722;70686.252718821;70081.971701104;106899.36537886;67202.91143461;75180.226643671;68166.737663108;52180.791902756;72571.236164744;73728.368973032;72753.394138952;65829.186172403;61948.782273542;52730.52969468;66288.523095118;68573.147742738;76488.222544065;54296.940733512;81846.613484851;84267.226357827;55927.153354597;68539.964027702;58178.470195815;56796.484134907;64484.206734316;70278.860182644
385.14468374381;167859.5079102;137320.78580452;175463.59006933;149393.32692699;240898.75495686;207544.39378222;181499.83868432;170244.13360997;326390.33416504;266246.81188527;206660.96530038;186166.25659385;166804.68987594;490088.67862241;397096.77718023;267681.05312888;220830.42105713;183903.83808271;192956.82428424;213584.58432961;204125.83282732;190055.0931648;224338.57469814;233238.72047886;202595.91487338;262425.48133247;214819.89466163;253350.47307432;351627.26857555;428782.12789764;465888.95476542;505026.32416794;258015.34772893;200196.06555665;194993.86496052;184049.33854323;173452.10023218;177439.08933303;193296.28305382;192918.74001588;224551.36872372;195793.63416976;209302.75698488;279729.6502929;272024.73607931;350947.98545463;399218.39009873;524149.75825221;487721.28137735;279778.33554408;276083.56985399;229288.98321997;202331.42295374;194017.48762366;215645.09414124;150916.4537977;183234.73751323;172479.4441728;227827.91273628;204013.91493081;282672.97706123;266332.59776656;286352.08728083;419867.76064141;428747.91527848;423756.36791809;341534.6416044;240460.44829748;198248.71766343;213412.21024584;167385.6110085;190935.11948676;156190.31982552;169192.99111067;193166.73171231;212315.45698874;209703.27091723;236671.4985314;233428.86749507;261591.42822887;234042.18175134;324221.56686868;496977.54987638;566142.77469854;291490.31002395;232506.92207252;199940.30861024;218203.23710986;147934.92852208;174236.26293117;209044.86586614;190728.06998519;175938.50742238;195069.22915554;220894.45500162;206224.35907748;237986.04578254;277376.7451128;221742.74162847;325547.05135387;461340.41641534;542338.00030346;496777.3324508;252811.53360539;218129.6593968;184593.64883813;163672.48035131;173310.7328829;166093.91732247;176928.64003959;187499.12374202;207126.32685927;233510.75538388;223959.35948637;215944.13419164;227022.06961658;256053.0053774;229346.30245657;404750.93320156;405785.99136435;302275.19586724;224817.27535446;227644.20410881;185486.21108861;199324.27458772;182675.67919982;214411.2842773;224125.3185434;173656.08913381;176707.67170764;290159.75831718;246213.56459761;271999.87137671;274651.77716632;257229.05552367;358190.22026699;337514.21892126;199765.13912845;235500.53408197;224819.08709026;162246.19411349;158351.08458569;189525.15596248;235326.19023077;214040.22253729;177832.81101668;246182.89243948;279869.32717591;250739.08395712;233393.22723418;255413.45394404;313964.26216634;247803.78440527;197013.03698839;229046.19761002;188168.51756057;233886.91927416;179013.39087529;189621.67285307;184794.43108892;273952.64829693;237529.69634599;252679.9634254;248448.33169993;188302.16373142;258956.23990344;204630.14984258;179390.05768366;189654.61463105;178577.44825715;200601.25495059;196983.78954195;217341.85495813;192293.42549068;194558.97882564;224989.28826864;250830.03585589;230071.59209017;209029.09180543;242890.57258625;185682.1438936;211801.77092358;160635.60463264;162232.16506822;173917.88684044;219514.68094917;211804.59235669;214128.49520628;214538.80382728;229640.83370702;206568.54656537;210597.50672254;208869.45770107;201319.41035927;175617.18857321;180086.66586723;207680.26775437;186804.32554101;214020.11738806;223218.43032362;231248.84824111;198231.50195029;228380.40316548;178139.62605259;175603.03733691;180590.34848348;215855.65504252;194557.96298678;212168.42338459;229526.47292608;228604.15459151;190824.31622676;192588.25977247;191416.59358719;178757.16924679;191598.03821089;164317.4641725;185094.87623425;193417.22796221;211725.5491848;214228.22599715;204863.19024186;201465.08621763;243048.39475921;216683.66268946;227398.79750195;198926.56024166;180802.80518768;198226.5663364;175000.83760995;212007.12065468;194285.91570427;207633.32360089;228490.16436273;169399.24692529;204424.41931632;206496.936515;228779.44550099;221762.74388038;230724.26442991;190652.82691057;183419.90001433;221800.16269152;235981.42494773;203692.28594196;157833.69991492;220407.100961;198629.05045399;193117.09249369;142751.21780509;199247.09972082;190419.33433045;190670.53009118;215615.67081935;200546.22638114;201380.22005477;186425.04374978;195285.02901165;191512.23839543;189067.78860965;192908.72241662;193860.3211846;198515.89928878;161124.66821241;195460.22423809;182249.29144243;218983.24993036;173173.67776687;178857.81505292;187269.01927158;251886.36032982;194008.83674263;188308.5803883;187312.70854869;148750.30680922;218600.92185514;193071.43609545;185413.51690651;176421.326523;167659.73069814;153072.93826873;192875.64450605;187694.67169222;189409.80168656;171106.715688;213698.60504827;200271.63681074;176471.84980548;197382.05067477;135278.18109165;143147.5787339;171666.67366389;175833.80670093
386.14783567809;41646.720281419;33203.760066642;41799.959039308;36029.047799633;67339.422597605;44612.64045285;44444.082942297;48885.143704266;92883.337725673;60135.336542695;52998.792660274;51287.884080947;46067.637481935;117246.8071031;107124.23228568;61095.382915033;72161.374457824;45525.170795132;41560.772370673;54752.808419786;48540.457936591;47590.743304691;53248.007023151;66400.904424339;42476.139029592;56978.773900898;65965.581677407;51777.189081316;85531.436615301;105024.36592025;126434.30997292;135640.58552436;61296.010496274;56160.406573899;56354.801514775;46813.519475022;52210.110764486;46980.067591816;49508.120180522;54765.829042278;47204.786253619;52378.54855324;53305.15958696;75030.237986304;76391.846583807;96409.903893774;99278.267252976;137999.7136442;128443.09165403;55866.667200298;74553.300611939;60234.305094937;56867.167291588;45627.818793098;58524.546345566;43785.84063253;48830.674974922;51208.238132362;64196.345979917;70113.656400558;73162.430969153;63345.843574563;71070.076790496;109928.3913617;112813.95638589;118823.1578646;95559.089542918;63486.034037182;47071.153591375;55300.008117737;41668.072680811;40238.915488851;40574.555840551;45490.331028169;54499.527001726;46878.931335522;49605.137704814;53702.99003038;68725.930443633;61938.545294373;71043.868538948;93654.784520257;121941.60288295;147031.3509811;81121.069856044;75231.333831871;54894.04224354;60441.640372078;38676.051869276;43294.362649573;54979.653670618;46526.246192803;40528.745793776;53961.519152389;61297.608907214;54354.997572833;67852.932697777;81412.893278114;53226.366803327;65300.761812782;130457.83190643;148132.81245179;155315.89648944;55849.415838481;64900.456125195;51773.700457433;32903.375182489;40110.602069382;57281.022390794;35745.894282076;62071.492928379;50511.606034146;58705.667658706;71126.358323878;53003.7585986;60257.473543931;66752.468827497;71413.615331632;113134.45491415;108201.23219228;80069.053870786;61715.450360009;51229.751233947;51449.593509726;42906.310874755;49400.869609107;48973.535212114;52106.531206218;51769.453076488;48304.887925267;74485.148658771;71019.615280475;69777.197711661;62391.598880139;69518.874244578;92134.653173126;85293.026783886;51112.317042657;64688.671691962;65047.96368306;48021.21346401;36354.875050046;54131.560185844;53101.94449505;63448.489405156;42437.869480365;61046.673194878;70011.347817252;74386.462824168;63013.540994523;67982.515100199;85558.822616339;62244.174518074;52314.390403562;46117.873073153;51599.085268126;59967.475684137;57915.919271249;59166.167165711;52683.583065075;88238.875112953;64533.362582475;64167.284959478;56315.063948394;44684.403751675;77176.045055746;54671.456709692;48870.971196692;46531.723103001;43069.467220078;61137.883471673;42391.302558242;53389.710359308;55482.308947138;53636.054647473;57749.54258335;70887.641839818;67925.426339392;56716.046466501;61271.436413754;45720.277787854;61587.670430128;46827.835425258;35546.707988321;48054.055536528;65772.938592453;53134.271450144;63105.142901807;55092.533101875;59231.657377236;55812.375743426;63223.372914288;61699.022008357;49361.460016473;42177.936504407;45513.58018647;49659.573299249;54354.936182923;54523.174536443;60914.743302067;53491.742386206;64753.466845425;68635.086621933;55713.263961333;56221.810485043;39218.848330303;67425.846021063;55076.655929038;59254.151465522;59789.932904281;54248.674586495;64526.507848538;61195.285778566;46463.486948406;37333.427094926;48996.997954607;40354.514418321;44365.423019199;47576.681971464;58069.673374567;64985.511448295;54304.607656219;55796.47590885;53421.294077206;48159.998185668;49645.730694022;52515.930146359;48626.895179521;53487.229314027;51997.395489868;54711.813602477;58991.336843538;55998.719837792;60573.937982667;50638.865059662;47979.642965839;48645.255751755;51828.81554401;60021.400045874;51848.212167296;49071.607947127;41152.505143791;55349.946478068;61652.841229153;42964.172463831;40749.409446038;65789.90708735;47336.520100462;52217.757123602;40431.122405163;51307.080296296;50279.605996795;54938.226919168;50668.98033196;54188.315322263;55859.407232995;50375.095817728;63290.361868758;50080.773642954;48207.847572278;47737.804435281;57012.045439078;54025.333568151;38899.039451486;46657.403542666;48813.864585074;50820.68810131;46218.323328909;53429.33031548;36981.51011331;65619.605334036;43858.727072337;41408.513086221;50003.017696425;32643.131578433;58680.221271371;58437.716751836;48283.261798667;36012.139409882;35353.94889784;41555.329630067;48984.25714271;53522.577103395;46563.587741018;39238.956811106;60227.498892663;51972.061896971;54501.084769971;46862.070943014;33057.877942536;32117.604387589;41192.628200727;50892.187162737
391.22400594385;168978.80866049;203846.7355453;188346.93801992;172322.02385552;183307.43752336;180807.18459487;133932.09010838;133106.47907227;159403.03095533;185985.76916997;216936.40217365;194491.71361983;146502.38407216;207909.67719047;249201.15225711;188223.10339916;192192.15386647;185860.10623667;138220.83268714;189633.49170076;232944.89087141;186950.36686433;221460.47336312;213774.93321849;177180.54211717;160610.8896334;112449.23676424;140538.16340417;153977.8438319;173599.45816599;194472.38844299;229405.19480195;169106.81979869;178467.42970731;196593.80018994;178124.01164529;161798.16041049;150253.92575533;177251.48833677;148523.04824996;140822.89006297;145992.03329595;171717.00084379;158956.14447162;149111.31702653;161022.74410764;163122.19907813;199837.11122564;193928.99600633;167928.78531965;171597.42645829;166723.80062175;172580.03299255;207050.68838846;148918.28838704;156754.23606685;238479.23287916;194856.30165621;213127.66361937;161889.15007549;146581.3353026;165840.92466264;131843.71374903;168806.76743139;249347.494405;233295.94766612;158803.93451962;208120.61878086;176071.44592992;157130.23724364;199698.35426133;180002.02079616;139520.74795965;188948.24868962;206956.52856431;235172.23193209;183334.86220931;189867.20981901;181196.1137094;140331.2244379;165477.68537685;150078.44647;246138.77957785;260891.34180159;172660.55195863;193362.52795545;208607.00516965;184356.68704786;212876.00118662;183681.47212547;183032.60875812;221363.1474453;189223.6004566;209840.49846676;221914.70553728;188892.91012096;181870.69848565;171048.65869269;185845.72363086;165615.31121947;181060.06051441;266803.11634141;264858.77429648;177942.41672967;183306.84903849;201685.40801051;224325.35843302;221421.04877836;179191.02768714;218412.07006689;172091.16392438;237163.13193927;208118.83874799;202635.22523706;197937.57733083;208316.76405313;201195.57039848;190168.45816103;227229.53079285;184177.58366136;202203.75507346;218577.98765532;155324.7095253;170624.85878593;178262.13239568;192266.49758583;220621.36090888;240615.97035231;162081.26126089;195777.95471254;131462.20624967;172795.67805392;202079.27846013;180183.80436337;177133.65927178;179316.9980189;212384.45334084;165875.17504485;194076.64343412;143955.09822854;174265.69201877;230443.94770933;241243.22639745;152903.19051508;161515.77872764;159701.20999474;214739.63897948;190693.36137876;215740.45611482;247171.28361465;222783.22228333;196282.36103862;196538.53661044;230428.26930948;230924.65756605;180919.00643272;185119.53301906;190504.75830234;162439.57300753;187850.79869766;195684.12056412;184793.09361726;243819.84648597;171409.95291156;176525.29276079;196743.4599131;199450.89545867;163606.00473816;207824.83281125;189584.87855991;177111.45391087;171375.51867036;157513.343567;183347.35840882;184730.21001952;213161.87110145;218983.69561727;170523.00462784;236530.62771732;228306.66856549;177771.15045735;197305.43811185;162991.55771349;140936.18771478;164811.56843071;165673.54839594;200642.16527992;169981.77092961;212055.00561049;203221.69165067;221429.75669702;213765.40262841;210160.083218;192125.19441192;150546.65381504;201674.07250481;153679.10776294;195350.99669428;169635.46611187;176752.66489125;220538.14857748;202301.45471147;221957.05051563;217267.62080903;188855.15851518;153235.59465262;166016.69586808;195556.26882771;178005.24279176;203308.94659681;174871.61424389;198396.23535358;192268.1146605;201083.84568623;231778.30865013;215812.717124;146766.770146;156435.38733347;186628.17532707;190820.32758396;158460.72326083;207728.09969107;232114.77993118;217561.37684522;222858.87436718;213850.51529604;159098.6490863;142776.47760718;193930.37805168;169260.89988817;170375.0036395;156556.36623513;195066.07877692;228111.70447506;213588.86756093;224323.6465748;135423.61229176;148145.23802599;184895.12042185;175809.12128805;170238.05006834;178005.26650431;213936.61940635;186415.64673164;191848.72719174;209322.96609861;161142.1564985;172504.3419325;185537.21676956;149004.79354289;143766.93995599;198566.74339382;229895.19903606;225055.8909361;213357.21387778;147573.95756021;157493.03290629;186096.72536344;168926.09204999;170708.03972188;197714.18862919;196451.31202607;203434.97572125;182921.47806009;157113.56241574;171373.37833442;142291.72995073;186060.23352631;210170.84970731;177000.47248226;187792.45448508;211478.31067178;200056.00701694;140116.10096661;177909.60506042;174422.44323978;164235.02778632;181342.34582803;200233.2032592;215728.29884239;206830.85636121;133912.92080526;160419.43923346;163736.12897867;176001.6227388;211933.9137734;187397.11478818;199755.80805762;207743.40174944;204887.27173573;182838.60897384;192671.24251496;198626.88541589
392.22762849036;26490.816394263;38742.165720267;36324.602464052;36577.392084495;39608.29638013;34898.69228712;24255.490978649;26808.980839852;25345.40849951;31078.936099071;46877.8285344;39369.453131982;32424.076607418;41713.63728384;48262.339633947;38687.082223825;38973.239287997;34854.4546822;29331.233311618;49000.758854133;45873.283611156;41595.399453959;48124.411169828;45025.286948858;46045.780991913;31668.199322798;34723.789192683;26745.811777872;27292.139879087;30505.916949472;40954.23320272;45448.854366667;37118.6420097;37284.8115595;40780.965083814;33655.551605725;34753.977009034;27411.079897965;28280.806354507;34409.314230584;36801.806838196;42687.928298991;28574.955909903;28766.570939235;20159.250085246;38194.758593374;26841.866868013;39444.243264864;34203.992127752;30851.981150614;29434.519133243;36373.192371451;29901.664735577;35412.633103707;39659.134258702;42685.085793219;48736.589378139;38274.580797833;34800.219985066;27583.719415955;25534.613659876;29803.766292191;18990.017441167;26562.507424605;52916.904061666;33626.871309867;31759.89133399;48706.964199841;35213.154720818;35793.240128552;39147.682622791;24450.930382759;39890.421959165;34291.361107608;46136.355619333;31930.631131473;40026.902445958;34627.942331616;31481.614512931;32785.80328594;36931.213162189;23600.43492853;34650.924996345;43778.67084176;38348.545086724;40938.35357503;51375.285754318;36760.310870525;39695.662686198;40025.608128352;38225.76894161;49451.243181379;41266.492385085;47983.515067688;38066.917414362;32914.260574308;31593.199321239;46855.402936662;40643.62946983;28312.682924516;39598.70014089;57622.292313146;69953.057298741;42777.056714194;32438.796572426;38629.009238799;45525.820140109;42030.753621506;37282.649187587;40681.604461738;38452.879013057;49771.440303399;40736.775722164;40616.528314626;37706.572143484;42974.672712857;40171.047549524;33261.487446944;34303.697336898;27877.605620178;37893.574010643;42609.9510181;26698.595199528;35352.587716226;31051.232207114;43646.463051899;45445.261539814;41507.024218448;31574.070368422;39817.528448614;42267.322021575;41074.329261224;46308.36231503;44143.027676968;37368.275638196;41389.952797708;43754.754896266;30674.557369489;39079.826746525;32565.563060387;42451.663597448;43180.512630384;44878.536406666;23268.15400858;39408.480676094;25336.13289591;44152.203314989;40159.556493703;38742.849879866;54961.719975427;35832.29850079;41008.53195472;39759.712143046;51615.401452962;41908.371245224;41417.050329443;41343.676938258;41300.006638;30246.899942432;37265.27706624;42079.163111033;33894.483308979;45061.32484934;27993.820505909;34167.333778807;38211.371586304;44230.779240408;27177.019597268;37596.526834687;37934.87234721;39577.849457222;34416.97508554;34969.797955227;38877.690060362;40620.631119724;42332.757550245;40266.344370827;43900.298364376;45225.644054019;54540.815136583;37740.348094642;39417.173723603;29025.195996414;31903.130360218;29894.410770091;35506.003698216;36735.371818413;45173.218142031;44486.403665456;43777.256025933;41204.949688683;46874.10962639;35999.187286717;28882.168151419;31048.903365777;28633.53534072;32224.397252804;40096.147748018;32465.835795666;44212.178018676;40364.670921023;42839.277911859;46668.523634803;44909.933985555;41823.052474097;25097.919436739;35047.683445397;33040.164246006;35176.848006813;42605.617538782;32120.000530938;38764.940240937;32748.724982727;49537.576310518;58256.999219268;45702.358034287;34641.724685291;29284.353613656;35328.71707422;38282.575928508;33331.296663282;42204.836106745;47250.847945063;33392.792895784;48901.556609916;50557.899446523;25115.097991706;24551.516112548;35653.746591156;32857.696364496;29927.471251079;34194.160948376;42459.585962948;50296.423084133;40835.759555113;36734.567671586;23326.554437185;34067.709973899;41778.103314793;42393.523366816;34239.567413251;35402.350045434;39336.182692422;38024.191756575;38185.253523378;48665.726173587;26082.694615114;20725.359364646;35982.218345855;26839.074384269;27812.578450416;41597.041253479;53034.774486251;40590.001713768;50197.511943929;29046.906912163;37052.041994156;27999.842492023;38177.802961958;31673.389394125;32136.223103354;42397.653356254;41417.624000564;33402.058551155;26893.693301687;41427.603169084;30566.510356104;42865.955393648;50348.176584098;30136.547062057;50814.259835201;36209.161780846;33365.09217229;29408.849672522;40616.104712793;43225.377909615;33275.384154167;31071.499792098;40669.579644504;40326.378201021;36504.596691663;22874.990473288;30765.115800648;38423.424528379;32909.236531154;41542.166147545;41276.916011049;39796.168948844;39905.102499538;38414.561145063;28583.677388873;39476.365409905;37602.368263518
401.13926102392;40254.118940352;33915.662441185;38042.399871795;26130.222852455;50855.153950694;35317.471155054;53150.193508818;41996.237947314;60210.338169131;59535.588493493;40845.462449665;40784.568204767;42299.253687976;70733.213283716;65701.15929979;47644.85939502;42675.748628815;45141.490251142;32523.790390423;22471.601462864;25421.968125913;27576.841815367;35661.000949909;36571.730399403;44061.548292995;55770.199172281;41494.303915295;44722.405470948;54810.209107683;70380.37971776;74343.532222649;84621.312610002;51310.688555316;32337.018038663;41376.366493183;36864.22193622;47338.148968272;37702.26147254;35373.661588573;41402.415803091;44437.301145684;45015.023871629;44295.232229891;40801.795576657;76514.539246107;77028.769496721;73356.917887387;70365.38905795;70581.396537647;68137.89856968;67731.339557153;45485.063498376;45237.807695926;44038.465332118;41809.724493677;24095.959289961;40618.40437849;36859.380276387;48164.919024379;43143.046445871;63704.075511299;53335.048574908;55551.746057012;79034.80925656;67381.057864086;77133.785879563;71911.029887511;51643.771087286;41865.801037814;34045.413260438;25102.177062298;34588.954434517;45649.332192005;35687.351585907;45902.909552712;44221.273805548;52327.492144956;43244.356234878;52320.143099642;62350.274194524;59924.300920708;71986.548197383;83014.601389357;90766.666535881;48877.058740263;52424.97632901;45216.150342739;40709.855529194;24992.336618649;35156.833819246;48327.557347158;33390.83731876;41274.398691698;48362.540496177;51473.29890382;40397.239764822;43798.096837947;63748.893278114;48334.094785436;67469.468625976;79126.810544204;84011.332348382;101354.7498762;58409.723346508;41957.181308545;45947.321458106;35692.291558326;23722.905388389;44404.569560487;29113.920764675;45517.793643812;37627.38742501;38752.275390993;41672.218615048;49529.494177958;41157.983539784;46012.13717935;44401.032926054;70979.282143913;78214.214547847;53033.433557341;43485.847983688;53064.265032759;48465.84213462;52328.939398963;45284.837046351;37569.20161655;40630.413867953;44895.622204113;38528.15868439;63262.162312994;56144.910801057;51691.490787615;57226.332132106;54100.378989309;66135.701129714;63381.56099139;55666.087315339;57896.215849833;50352.599784033;37310.972757202;23306.387206413;42830.30228029;46816.495296114;54521.479538149;37037.790944493;55556.967668786;64665.78415455;40540.406906114;40249.549730614;51165.360938577;58256.724861999;38482.221976181;57883.131232974;44517.269195293;44471.449114689;43713.129060961;32841.724822632;35549.62306592;37392.007574636;60622.460420979;51423.094196953;48651.554548012;49634.63356865;36116.857736832;62098.252310422;43442.944247201;35704.807491066;53749.045609575;38024.540125291;53852.05899712;46156.710590205;42260.564888475;40961.510135506;34328.089268192;53223.818964814;44633.69528201;55834.561364927;45683.137904812;48361.576198026;45108.594999036;61852.820688157;35527.849830194;37484.776895417;42021.033215784;58943.324738314;42511.913890194;40496.106056525;39584.790704062;53280.295786576;45496.379480915;48231.413546199;51969.587478783;36069.393604299;47031.215681082;43793.265562811;52348.924173892;40235.33671001;49509.664671667;37656.383917217;57472.279402409;33869.270252788;40492.644473259;47123.744580825;26655.672604857;38329.619889682;56765.079954092;34643.511433988;37335.588924955;44745.481414124;54397.979131179;47364.896309931;36651.775491992;52504.560373853;30946.891706024;44690.775811788;49849.223001577;36306.852966805;37184.806348219;43245.393419448;42545.752015135;51399.147751656;41145.975402873;46481.292246595;43655.821548792;35880.256794853;44813.513987965;44567.771555374;42421.675686706;42452.153027093;65985.024266859;52261.563478677;53300.555005506;40665.022254037;33349.58214195;35192.777561031;45336.721404482;35489.551860352;48549.289369953;47999.618135515;33509.135875728;37430.806675113;50739.286634299;49553.056257841;45442.843184961;43056.86298924;42041.233666344;43192.132061505;33224.987168781;31510.781589376;38640.825285238;34040.027575592;33210.345267686;43457.599045982;33428.890113157;50419.593976777;43855.849330807;40978.988932122;30216.033707874;42245.140516611;44920.692965111;42823.887433196;49821.824882813;34512.52507762;40465.362981162;36734.604897007;43765.761997233;42800.90077305;32894.90518566;41869.820419267;59341.350045152;48045.505699901;37565.290751939;35611.465646448;33087.395989392;51450.932042465;34802.965143736;47372.325715239;33794.120946625;35001.741840205;31386.629812945;50460.176577463;45165.443755182;45918.610753186;37485.747514726;42715.945048575;54646.339070367;42154.242029337;52429.863646107;32690.166554706;30450.972527505;47522.56121379;39011.293901454
401.24475472706;56148.809013162;62058.797585623;58390.200151191;53685.860617727;82181.972386909;64108.311694634;77980.045657032;78041.519691768;79480.955719774;85775.649874777;59894.566168257;67371.14701892;60368.976674218;86130.6520188;89858.546427409;67767.35709518;71718.300501022;63991.382378549;72469.240335083;58095.362594359;72380.923807161;64176.803173957;77212.52233314;76257.13814937;66539.6864373;80673.885192101;96860.348725237;81471.853067665;90424.861964836;80371.779768603;68439.067706972;93951.08233025;61292.590235916;49623.684314903;59060.469512952;65892.126556205;42240.866572133;65880.309649185;47136.312979046;53581.44292408;71508.628429497;70823.895533033;65814.897421821;95442.32006275;90561.935438935;92457.822551334;80268.295482771;74962.963985074;81973.201605956;69771.660603732;67868.735159402;55382.63259302;82886.002232705;59810.643385454;56275.859252394;57457.885685005;64116.321770714;58609.650930381;66213.663917163;71278.316654631;85427.40153714;94167.691797;73068.95051657;83664.25356162;82950.024234974;64420.114851272;77072.399198673;65535.167236646;67855.902051843;75887.244886833;46676.420248199;56028.370030506;58366.476783929;53827.146571226;60870.568071196;64764.335480419;59594.168615721;78295.836186175;77399.079917559;70012.71102203;75367.238223469;76691.233343214;74863.369005777;84415.226686584;70620.167255432;60263.121949057;56201.587321582;49252.124436964;37456.965956642;46491.593771678;61197.225924118;56598.510625818;59173.720508901;55162.184592245;73820.572671214;55389.408055322;76918.577069813;66776.853775088;58583.052518524;81589.952489673;77309.618086654;87797.050957012;105918.30437855;59841.065519639;58240.506253058;59956.926969848;39480.451461027;50896.897533161;65660.637103752;44321.869321726;53146.682687847;52049.257765232;52217.670398784;86799.197636142;59587.527053752;72181.753579813;69190.371108731;65625.85190769;80178.419874582;71952.995962427;63884.052688868;73530.962766901;74001.290616622;74372.527768568;48778.702182326;47759.811283535;60046.834548663;66882.972094357;55812.088203374;115079.54830009;73826.094691301;71709.281384885;80479.650856319;63766.956776293;56135.810762057;66050.657900254;78039.023968432;58847.987894077;59842.077779084;61605.536942116;58868.726119783;55767.187286644;76665.582588163;68343.569477167;64921.099730329;60031.776534903;53159.659386214;62529.034179515;67433.388457384;71691.234992123;82875.260764162;70083.12127284;67042.48440047;53635.081778577;46277.592343349;68559.990444137;62143.455719067;65046.692308918;73205.325474107;61704.106003137;72502.452491736;68993.717255774;66590.060193208;56463.54806814;50991.833106109;61161.091457027;46507.462551474;49942.341080386;52007.078586581;56840.897029624;57214.065232136;64267.885469802;61547.31940869;55083.236730323;63614.863083456;61472.400930727;61585.996364497;64033.092457021;61864.945902714;60301.464483863;45546.848970067;57780.622130598;48371.13936256;50481.24377457;61825.056602025;56636.708365149;68351.029598023;50958.264960183;55818.454622322;56436.843356103;47569.418308911;55747.775424619;51689.890774107;60857.831348766;60430.546405722;64549.917197718;54877.307586175;59493.673134144;56544.144401583;44261.302938132;69262.927376765;44758.698799708;56285.930192569;62445.672440919;52561.921138269;75000.687861282;73046.731133777;74793.136147584;67578.225849533;65374.228590313;80406.800610579;53270.316714887;57823.590738171;59438.214823478;58042.538278847;52741.652009994;62462.288913536;54836.251545178;58854.000985606;53656.986530502;61838.875934134;51407.313157806;70786.021142029;68046.598441088;72870.976286451;64139.312157309;65080.432924545;58027.729836458;64602.399054323;46397.653777928;60052.064078011;57680.090821764;58404.593526336;55359.507206099;52674.441135734;58282.503455288;57493.69836335;67361.73200691;64351.377913561;59363.648010018;60487.904757982;53499.810169652;55434.056293091;59776.567896072;63162.897826311;50266.795238019;54262.009648876;55156.512433292;64297.001064517;38806.953450814;50936.896900386;61574.672289873;54963.647678193;65125.148306957;50092.53514533;56092.808482531;64039.390796808;54976.176083841;45860.771720801;56696.304972126;58701.798925208;48971.479266654;56845.110683106;53272.7883004;69841.569742236;66538.836124452;57728.724998642;52241.22519157;56697.805132378;41223.226421106;68235.599155541;54148.913569967;49200.11265141;72502.600282545;52584.020426427;58469.623017944;54918.432026627;53340.32583948;52436.08711802;49904.292074415;43327.941282278;57723.729767938;57266.891584106;50669.535877023;46573.504181259;64314.258096107;51753.466260082;43951.647126633;56875.724623871;56433.577106585;34701.13766196;37334.582119562;49085.857854493
403.26047843652;66172.010848421;88639.727163819;70834.683618151;75085.691862033;104114.72957956;95153.098924908;72307.247232472;83448.667362494;86814.83404612;78490.331767668;107698.11557027;91975.910316412;90140.164580424;67445.138655378;95082.864445785;104811.15035125;85713.583874777;99398.221301503;76230.26933103;83561.249332739;90771.970488542;77618.669817219;88058.479803297;98685.231296558;88176.278801147;95852.335765303;75934.907476218;99144.977033411;88402.032948901;76783.242486011;69481.685175519;94857.827491184;82358.378547941;91340.853032523;102899.33149033;96631.927607448;78815.382210609;63568.82764294;67989.338588621;73820.608834356;79925.216167582;80627.190396181;88559.764930141;89719.762667225;74796.87728368;109680.39248387;94517.486219046;88369.895546008;99467.665079465;93698.538969509;91844.297356529;83196.07619842;97426.890670617;97517.361425915;71053.296683349;67749.697241122;95898.450301709;89604.894933151;101637.74940626;89466.70821942;92569.100180148;97516.420905189;93728.361162947;96772.37292106;87817.513905279;89123.958889879;92560.176006446;87001.040546663;101053.46621933;84595.388803108;93648.430759862;89653.609265299;78967.424549716;77766.903942475;90184.182604663;94324.76191896;96694.945712468;109243.52421721;103082.08985623;101763.73130056;109196.80181852;85806.853209064;99777.686854499;110459.51338633;78114.869375288;93609.127215188;97861.407969647;89882.210293703;75251.625852415;86910.002277804;84646.605975342;91360.926803099;77476.226116065;96191.691028475;111172.07157645;102086.53905026;104617.54855335;105367.60265284;118732.96136478;104956.73264162;111842.69835061;100255.76775595;138112.760804;104954.84415866;90484.380258485;86804.406870555;102438.15736889;101694.18411508;108889.53283501;103657.88948114;85061.420151602;101649.95390955;102322.86558278;124673.02349529;119112.3971371;120381.74224263;128268.85167078;115976.35291247;103747.20533476;103076.2922743;74708.906074097;90058.978694011;78840.881890914;84551.248832846;84945.084427162;104158.56806198;95471.547659868;101598.86711266;95857.958069889;194545.80448534;110118.29065381;112175.8448852;130987.53100094;115112.58234201;119326.84000689;100618.70766161;109844.69930914;79691.721321233;91652.663591866;77514.732289258;97646.587966941;97555.054076267;99872.944888251;90801.314038497;102303.60349103;89131.296775178;119535.09738372;122801.00792038;109101.50769899;112569.9477016;129629.50820955;89412.099681449;76421.62867954;98447.89082662;100311.54054608;90143.009489737;101553.71933656;101106.74931995;90256.262487362;91560.541001747;133715.85473741;117386.26530892;125309.05286257;106282.61425734;99958.931465275;88840.921556545;73893.56807901;87490.909836799;100492.66353779;98336.928805701;91003.765015148;100015.57537331;106909.23127004;100879.11053802;105066.42638058;125282.69257534;135873.83801924;117014.87349882;117883.51907696;76791.077166321;84698.408051173;97905.067740622;81875.890930133;70961.106846212;98862.794222866;98189.888803668;118300.02153152;95080.458439392;123089.8367792;127584.56583725;109404.30378431;93463.550142208;101961.32170558;90016.762926517;101562.61608418;99952.501961265;89542.904238193;119865.39810495;110148.46939484;115116.02086465;139526.74982212;102144.85648345;126932.22194542;88930.576570516;91415.842435519;108437.0299615;124029.2763362;119862.0056137;115419.84765555;133287.10400434;131849.70507857;127300.89697032;114463.14470102;108454.66378413;98520.844206021;101622.6871825;94289.532354055;91903.002176281;104062.90604449;125481.29684805;121924.60606261;130962.96497435;124792.9891828;155736.03235073;106988.88853874;110419.50785521;92243.42777924;87753.59288896;132419.74463263;108201.34585266;128363.70112922;113917.68879603;131728.85860033;131777.53837875;119421.86484215;102187.59469118;104914.65214308;96011.428620536;122875.99270579;132129.55533515;108620.0851465;108954.15151673;122336.4957235;111480.22600855;113580.74478612;89382.720829732;109059.60966605;101672.4483161;119853.10353581;101440.08815583;108867.74836468;137710.78871918;125252.88850358;132173.32132295;88436.729235635;93575.652075767;99508.398685909;109290.42996706;107696.72658748;111867.78882948;116669.42590353;118877.11851498;122105.37061593;79755.070341641;98180.248361676;110043.15762301;95279.843541968;105971.88283688;117031.24627023;108268.66812514;136529.53878571;117771.42272278;94317.261234116;94754.130021561;109211.07108927;117778.5354003;105348.02698765;118167.28709405;122558.10470558;104861.32696259;89309.265773375;89587.206114033;105145.43525426;115527.55004663;109314.69883436;124530.19220519;104840.41095323;112383.98408032;111736.36739983;86562.557513221;79233.172255565;100491.50067199;108508.61063016
404.01320683162;0;23509.931480887;13214.574106899;9868.7946615571;11424.96725244;6896.1302394388;6762.0083552355;0;9242.8049329454;14963.225667734;14939.545184936;10919.632786774;6942.8169257596;21554.774876974;9801.4291523439;15411.426435859;19343.740284699;16920.299023495;0;0;0;0;0;0;0;6976.4597234387;0;8795.0089380472;13937.707953873;6571.9741874257;15133.15826729;12481.143621265;11872.200988915;13439.451913518;8158.8167613643;0;0;0;7941.3962086311;0;0;0;0;10624.086367916;0;0;16830.460940911;12284.849060163;17726.355124114;10644.868615953;2298.4426928768;9532.3378364489;11069.935867217;11407.993164365;0;3682.1631423132;8313.8199730081;0;9116.5786602542;8074.8407837392;12782.124675499;14863.27348841;20352.921163699;12376.515798144;17352.193633194;12680.263559039;0;14390.34780017;9975.740692576;9584.6697822515;0;0;8443.6818765273;6560.6481389202;11732.769482921;0;18885.744500868;15604.22767517;15069.540144608;17185.93450051;15637.204689206;17006.864160269;13013.504445814;17513.501245871;10661.016160639;16863.135846277;17774.299746364;12891.29896182;0;14881.245058958;11567.614083283;0;0;10243.814864474;8420.2568030289;15055.731035784;8889.9739562371;16211.005937038;13916.92425512;20013.1082703;24434.336475347;21435.403386371;21015.537457294;12491.766669229;13224.961787839;19744.8828605;0;9008.6299519857;0;0;9943.1149487363;6434.7721034594;8895.493795166;14213.845171859;13884.917015256;10916.026284182;17508.326116714;17523.18858118;24450.886708942;27341.47825542;18623.808637145;26832.99340923;11868.083215736;10297.570946756;21356.666863815;9374.5831223477;20356.631692968;11109.946075656;5243.8380132276;17608.296134195;21602.695453395;13988.414952484;12203.653510621;10837.292285617;12508.916525511;18028.086087794;19858.37093401;18758.454834641;21904.054027795;0;9845.5884003315;12295.395621968;14060.002379076;9546.3346341834;14003.024382907;10897.074384216;24369.655775;20781.533332039;13460.563066754;20373.593967146;30599.776868959;19634.187519317;21184.203610317;15625.132775038;10400.903366891;0;0;15948.233259822;14126.445701603;9775.5616835188;14083.033522207;23179.416521993;21480.733893369;18730.193910985;17074.344984044;27822.864034207;31970.03487554;8800.9219038578;14266.811449296;9835.575472011;12117.066790616;9156.7530733316;8755.6711991319;14819.753478288;11589.900203013;20655.320573348;16893.456429186;11381.260850997;32166.629920021;21095.553458972;23675.696885288;8814.5068829921;8911.7286855557;8154.7705532801;9558.7659443318;13206.031590497;9054.5453195166;13699.503351241;16820.864009448;15192.059173442;16741.694679291;21422.057614514;16603.208339378;7795.3878158444;12154.811566592;17979.909120776;16307.724767023;16034.484401266;7038.2704305518;9582.0101434325;13987.37013821;19671.434800483;20782.846300592;12107.246624677;18016.3585996;8126.115971442;12591.101225339;13861.391839585;11938.658786484;16350.867068511;16811.044222729;9066.0082232703;11949.490411624;10624.059838017;27025.348478519;17910.398894621;15474.831416826;9496.9180162038;13308.226923825;15574.567897451;10738.294320918;15543.596717151;27021.639821976;15401.370752221;18250.688133488;16714.841468975;11205.566175528;9200.6867577416;14945.060406824;9037.266623984;0;15752.59673495;14768.794201546;18219.558042047;20046.988545903;20780.111464835;0;8108.3103719831;16726.552021975;11934.667703973;7378.252146915;7529.8331826358;13562.63694508;9380.0058329851;16411.63744172;18226.862670801;0;6437.9720659015;16863.864499503;0;14604.05349754;13229.340251558;10560.699608949;21991.198560058;16577.892304148;15583.613213643;4036.1797384803;8286.3730430639;11535.189490859;0;8142.7699536385;11249.255438194;10743.905664557;13293.421716597;0;8327.7030825844;0;18257.448470001;13590.89446007;17803.839852148;12350.634221921;7841.8146287081;10647.368707118;7422.766798654;15307.7232627;7358.6212618202;0;11700.85855002;0;0;12316.804220719;12613.46006479;7022.9548148596;0;0;7620.3332698046;10554.891614263;0;15306.278752459;10544.608987565;11257.818125284;12410.795843232;14375.773371836
408.0099632051;295221.83475007;272994.67754031;262133.70965888;389521.21738007;410057.26843064;280381.48379094;284085.78312968;220136.30473922;370702.38151648;356253.50655698;280157.29224407;321942.4501552;302453.69446077;618298.40823916;284779.80076723;421646.50161944;280752.60287455;251648.98605235;238544.19583815;451071.21044907;381485.33113297;577888.00478695;465154.27637882;499585.52681612;340090.42131087;380739.49795847;475307.97161975;577418.89877968;583850.82740208;527573.19498912;585383.63914319;504156.00852317;405489.499732;186324.13363187;266921.98153094;398602.1676578;360035.86819964;311436.29794635;329941.04360427;253463.12347635;214339.52866552;259930.92495848;298869.56602882;318192.03899583;241927.06697341;354207.35747317;679745.29232258;749673.69206484;577996.99557639;472177.72856013;227579.23646999;263546.46972844;276649.00623473;383907.34925776;330636.92349529;254485.98554922;333202.71873159;302346.59607405;354403.83341085;301555.57434641;250889.78434259;192220.17726528;433816.33232968;608360.58849577;587508.39145583;457309.44871408;416547.94397755;311439.04011803;237965.77141836;312695.38595694;303472.57008685;364104.08228069;304242.94800246;289145.85090723;261638.06484457;291366.26008643;312136.25599896;367083.17257982;220288.77264244;177332.21788118;356181.90682782;408416.44811975;394328.77890415;391983.08343377;496960.28704724;267534.50453986;210224.49752379;320841.58005853;414409.79071868;359962.62185684;324565.4311824;377148.80780538;263384.54454597;282322.97860469;263992.70780278;273826.67519632;197034.22348122;225457.52219873;291198.23127855;376668.65171197;544302.83739181;568141.58501025;336359.96619898;297793.35453826;207009.80901533;240560.55809622;296080.32538602;285208.15541083;229067.47305048;362059.61910347;259661.44907572;316420.08743877;283134.53237462;180934.00881999;188537.95743159;256176.73647565;278101.63263307;253290.06624976;567817.9819141;482190.69824057;525166.00222502;367300.92973978;244441.26834298;249187.81210948;241929.55967458;320205.16757927;223039.69205471;266110.79239405;224740.08640916;158623.20268221;206414.68330008;261558.98968478;290641.64308539;226898.84100813;282655.51485507;387782.47481163;384356.8002077;260753.55309706;246798.37461121;179741.98937987;288461.47191703;266451.70830359;261380.57751186;268023.48602959;312840.83274295;286063.50613099;291172.82628441;254836.06358893;277841.28111191;180067.53346535;413933.36132748;597107.90729354;406379.16738376;294476.10757382;291942.54694813;254007.52714956;254192.57062086;230010.26058066;299179.33743602;218788.43927125;218847.38253078;222667.32525105;290051.8349666;193499.99799285;282198.34430686;401337.44796193;418419.13716961;317089.30164941;271415.19978294;260523.65476594;256993.60805837;312581.07930932;229974.57604884;236959.45364428;213333.89958025;223313.61784691;290209.99369542;252796.49976757;277323.33992395;361768.70296164;254968.75174263;290646.26097464;184350.22575419;171487.8342991;240472.48844708;199434.17505355;262922.78404671;225202.4900799;277362.30985026;216433.66683645;226838.57406462;364305.76392233;384432.22183598;265382.45314579;272100.70983841;300720.94776646;229641.38917051;319195.72740339;265124.02709138;223945.09277582;260857.26446377;231619.33605847;318282.13602345;318504.59085171;282588.77590904;282353.18911104;284556.24519525;224329.52074424;328248.52198315;338256.06985727;280944.93268146;286490.88471733;238433.62142758;334349.53419303;396911.36044411;279390.65551808;397942.72006025;247840.36566971;261026.64872968;315023.10358178;240066.91551868;266442.95930632;284365.58171177;359266.60507558;319730.41105919;259372.32348638;348244.02396147;315195.63775878;365353.56066324;230976.34594072;219997.13993131;256553.85663588;191796.88980139;276607.25701095;352983.92849512;368158.72078324;247795.16825805;199316.65110531;364951.55606464;259707.43726215;297946.2029553;279851.21030789;278558.33345765;245067.57266287;309754.11890978;444769.95282394;290734.79722456;326385.46852808;318548.21540464;293452.20549265;263487.70256092;352953.60802847;300564.52147958;307882.34214065;544388.07302159;323784.5287993;289928.57921027;369255.09011316;300702.69199948;273234.21260495;365605.27626674;308190.11666269;467999.08309953;561308.47590837;336556.29733483;410587.91391319;190925.82705027;231372.69474881;279591.59456887;253046.87936982;250964.8334792;310800.03037443;498873.00853334;311697.9060575;296827.18269424;289486.21138411;332066.67777064;272682.75941059;289597.6729808;384824.1767056;366965.32426765;257893.110273;357181.14953627;395694.74476925;333122.20534181;361441.38406041;340988.05314271;417333.86781224;375346.65943677;333400.87215724;280880.30189493;458725.61945661;396087.7880982
409.23450799427;32247.76193148;46498.262850208;38401.374973898;39383.199701332;42513.174533895;47592.860935035;25504.743212899;28300.161440999;51008.353479101;51065.195043707;50275.187650005;53293.839037899;33487.585920032;50927.290787491;50759.17092124;45792.875169396;33714.541438688;37046.698501165;37949.241949849;47793.57767785;55627.546579749;42447.126678158;46650.279862966;44226.221250774;46762.721227539;39410.861624256;24110.640675134;27055.793985684;39182.729130852;34701.828078068;40321.216613464;48868.715721418;35098.030444425;32277.441812019;52962.267542352;44860.267814374;35194.841944893;29443.109750001;41839.611724653;37659.004972024;32315.181547809;36557.477561816;32133.233871897;32265.150288828;39537.871527239;36229.052586316;39309.377080616;36739.57741264;47924.602202322;32136.443477038;36914.602828433;42465.86755273;33099.274063013;41675.880435469;32768.353753037;32611.172879234;48890.157142331;44802.146685081;46887.691964786;39240.549634906;33052.155694566;36317.09254278;30592.455893786;37833.231281795;54742.757804188;58938.515756806;39848.78305325;54093.251551639;36246.086287752;38893.471385963;43042.736082279;39158.755822782;37228.583831805;50292.743465296;38413.199017149;52093.53514722;41189.382979034;45815.457303349;37943.894106487;32786.226207024;26031.770179435;35607.185950784;55845.477701015;55223.156192944;42415.043940975;41963.276925835;38821.213020119;37617.937515255;45099.217307823;44785.709377129;35677.523437469;46857.271235542;53712.131706111;50207.306579674;49477.940492688;46205.520065381;32193.559680301;24663.057719598;31828.245436295;29586.497002061;39141.683526265;60395.258957762;63934.458495397;34121.388239528;42601.071025334;43914.358452068;53178.907648678;43461.974595387;51665.516149541;40345.561030427;43329.352524938;53767.882039224;47429.922839817;42421.062585838;41132.181169217;38862.377686765;45696.94359045;35330.105043011;53227.216636273;34049.015633586;49232.437048091;52555.706984032;20803.060861841;29664.042277582;28097.359795698;35539.077951046;40497.260749552;53098.026405177;33835.433993815;41990.25870746;35156.069676858;47315.722207609;38827.87193873;35710.706650625;40303.890485439;36570.098265749;43559.43365975;36883.357234903;39520.941844516;29962.642536653;50309.118209259;54294.295176706;49504.080713887;32613.914984163;43095.00204631;31426.155778451;46810.754136314;48008.019617703;40976.427444823;55959.219355998;39932.029861616;33497.240088943;47118.670193394;62744.836406017;44193.337807183;37434.811714921;37158.405555048;34645.373373701;34855.344930601;42901.014251935;33801.624706416;47039.574231781;59427.510255012;42612.414829177;35133.695056162;36990.530502477;39447.356738114;29243.723740954;39722.911769829;35704.992419082;43388.179081192;31815.910012806;48608.242838162;39413.455187581;49642.49597273;36799.011888311;40029.988807114;33053.257276351;42610.681421267;40278.080413522;41119.51039621;44529.249242907;29466.6060499;29684.782842238;43176.797201067;40736.823318546;42729.559620904;30165.256700552;42717.287353186;40161.406818354;48359.324342096;47577.484386078;39401.507394658;41028.332511194;34029.171781726;34994.141709152;32808.797446144;44356.646527437;38484.555067701;37856.08065321;39667.894827115;33794.586282317;42898.416328315;53310.037128714;54585.311459438;37674.608345138;35978.576820234;40195.98539215;40464.809289762;57448.521971249;42785.683664064;42037.072819007;47259.195411145;40017.585356427;50323.717863368;48982.553757189;37610.830066636;30596.773460494;45133.482925827;49776.672916218;36890.760555254;40890.665603567;45364.544117457;41886.029087725;43824.840540084;52168.786620151;37920.798827065;38418.45570642;45656.329403823;30145.207696325;26838.446721905;32592.419685011;46261.057906423;43861.641398137;43152.150751985;48738.777381097;39624.625997889;32881.008469999;36210.635895859;46277.162264094;27161.161266757;46280.672732605;45558.371503528;46095.207150212;44714.02489573;46915.10661279;43806.600061988;36738.291720943;42978.152700861;34892.489337165;35714.67956366;40585.291857487;36961.863823534;50013.577069628;43942.828521772;49408.539427526;29119.188742793;31684.581213908;30595.186271722;45534.357714658;48001.600673408;46941.445357541;39381.507628148;40122.191836041;28805.200729649;29074.749333106;40978.961995131;35400.282045343;54305.276907765;42679.98199751;40603.053240245;39327.839868339;42262.229878282;26448.00304845;37951.542689051;35634.859112049;37517.841517323;34273.188503069;41750.687368823;41408.593825072;44908.353536876;30907.699594427;33643.644811395;35110.622959315;42330.673492797;54220.479835253;36626.972372412;40228.727041242;45585.554941457;59425.844820505;42589.057611519;42221.059177348;48502.591089067
417.23961126695;323839.90257827;392407.84204627;325676.83127672;306164.56416392;369819.14609443;377914.36934454;295794.89980295;289581.57930013;256598.98102288;358992.00313631;386502.15325639;326412.20404967;326283.66960729;262130.08183621;291554.43454236;413280.18514708;376682.88453929;320996.45915179;336774.20278126;319507.50755679;372683.11081102;353613.81030238;398113.13083705;352886.14663651;352735.43292005;298514.77019997;254758.96176041;284291.86273734;258491.46796654;221062.5949329;227376.21051995;321447.15719752;399464.57956218;366043.11360013;385803.15937253;350403.76617217;349342.80974874;325131.50374545;335967.41059414;307036.15543962;273433.22141522;308199.04283759;325269.98511931;345859.32928005;325274.72859923;332188.73252701;245960.04089751;233060.10863532;288184.18541469;395649.55184716;395646.3715947;340379.22813701;336300.9024662;440358.50480629;361785.92365416;309343.65510884;430654.2877666;392364.71759898;391042.66600221;300287.52820476;310288.10588843;323055.4694549;381599.77415196;271922.01620166;272036.35758178;300125.67645962;388876.00276876;404376.88779448;332638.27403055;283914.88737707;446894.07436412;463932.08827884;337566.38270282;346033.01742147;422238.00819374;434222.89293705;351639.92436348;344239.80866634;318230.84560943;311706.9135083;351823.22007813;313772.88049204;310115.89985954;329905.96257283;328071.57801798;396076.44558353;356146.70372534;323709.73367268;390097.87841638;365863.02035408;374183.88492741;406639.7968541;375321.58698111;426261.38696365;411616.69100966;302180.12646738;338182.53871353;337165.10064004;329916.95791385;437176.52559901;274106.27026859;299376.98039643;438485.04957559;375622.50648709;348543.23118769;339454.87372326;438113.77748945;426201.96172462;399279.85615033;381872.70175299;353785.58044063;374444.61027958;381607.52467023;313294.90668555;336908.10299751;339437.88144338;339898.50181454;318254.67326775;408652.24041709;260141.82723615;347460.72640688;338371.58333636;311744.39718406;307002.78879983;352066.9285269;346313.95642853;360389.44142425;357526.54298169;283980.12110583;341448.46685245;307967.09504389;325442.46830731;336287.51104452;338451.3103507;415919.57843756;376436.4298244;323216.03353527;385017.12317965;327921.20603697;310047.18461366;334884.63232488;355682.91524037;370985.10973064;309019.84691862;351959.33039609;272968.80438623;314802.98023423;363397.91284794;338191.1401669;328264.85399277;490460.77560606;334754.00537284;479822.063117;372592.91987801;384062.59330611;333084.30890503;377876.46988712;309048.89872143;300513.7534248;286384.64486648;319778.78922464;322214.19572778;358490.82224983;316178.73938511;331703.48647862;408569.38731725;351275.63819091;307584.44151944;404062.21399709;359661.72114298;318525.14133498;317654.02863938;316033.51392914;345430.72914367;352702.27249415;325557.18592472;348679.93663253;317255.79303644;396185.23749836;405119.00870906;346069.57480564;377079.22292127;300077.3137951;281690.66928335;301699.40211496;330190.85953175;363410.92732498;341771.07591817;408944.60448633;371475.44082832;398158.09812814;452915.47954304;401898.1601103;405878.73487776;305874.84940895;298897.72506075;340350.23893151;366197.66211847;355503.91077973;366002.01356663;410599.78936387;307060.59354299;429886.04056634;471024.9753213;408218.2015958;315877.83238518;342893.31954978;373465.77783929;360707.21123633;413667.32579034;371916.52211874;387954.34432233;338370.87709124;359708.42457045;571394.14448579;428357.69940914;302606.4358684;322891.57667694;333357.12763873;340056.2046725;352549.31286183;382906.98016788;391191.99543676;377480.70561408;528180.52635728;485760.480609;289583.85148506;295517.3426376;323297.34089755;343020.00462327;369276.96960011;338371.49884949;361945.55405148;373760.52587348;446227.16401468;470412.86912909;311701.05932808;316836.36862385;319883.59256479;329164.74975595;346612.9431561;290250.4492778;420698.07405237;333505.78789162;416192.52627508;442603.50913944;329741.2446266;296925.60970485;381488.48752635;314053.25756361;330260.73551202;369316.6756527;377515.12065852;445540.63891231;416495.48688905;308525.67939575;298713.22186456;308928.06222823;360101.79547869;350180.27871099;349144.60838294;342110.62937414;451460.52934184;341666.93229722;293554.85137896;325601.59548768;286208.44901869;327720.54497262;362754.33973286;343987.11182359;384298.29638193;414899.0465615;468841.76064731;255406.39277824;316399.84575731;316589.36352912;316245.89742616;352622.86782576;395408.52734574;401153.8847075;411353.08641902;298934.98738608;292249.44187309;319060.10145893;297307.63479675;387811.6733255;374264.04626745;358443.29478152;408968.97397215;376194.36303073;346293.0731462;330365.48595621;410839.81882841
418.24291232478;68780.046245436;99971.457760641;74993.174897169;59978.450691236;76587.655249328;83506.778145291;64248.870944176;65192.244292853;46267.462536588;77050.985779421;73410.840655256;72699.693954022;77049.488226588;54045.975868502;62555.121712926;96212.061114675;78112.563629697;64305.668551852;78627.9594051;69466.281073302;86748.68034883;71820.156050903;81741.260806496;68726.063528465;73084.327299955;67472.706217624;48430.08106367;56533.281664071;59453.968709978;54251.338819173;48810.572593785;59905.895060018;85689.219673515;76139.275161655;84044.707151586;73528.796273285;71981.286326145;71784.631097731;71695.578395069;54520.999102566;58019.116607249;60762.550673203;73412.929204009;71389.605153098;64596.163966941;59091.996290009;59203.003732833;41344.805007946;54289.16188979;103094.18564184;94360.234053448;85750.028617583;67111.237450257;107207.59586938;69064.246060846;60868.250472748;96208.246657691;84158.379020197;88568.76277485;70891.458046586;57150.247376245;61950.875993255;89614.730357501;66859.885166597;47890.583575961;67298.795525652;89764.182361802;98782.411393968;64234.79531797;58947.272594994;96576.93101592;96282.133460044;72590.14610455;78855.634181814;90829.289644623;89842.432485931;75082.741664241;75311.109257493;75447.359299558;63098.506175825;78642.496042865;65298.263882014;68537.945302817;61561.267821273;65698.421552159;72184.069926212;79195.214992636;67268.37997076;94455.150952449;70406.075523159;84620.462833462;82734.59423037;93707.128001189;98514.755993697;99857.093219848;66802.087523313;64869.185744295;80861.910162472;76246.626121832;106806.92413922;54397.906857698;74255.731301801;97800.382012801;83500.807509294;81699.50783738;64111.445138375;95878.681490591;85151.907050164;76252.30890175;76894.274940637;79443.459080608;85917.355042941;79178.202137358;68776.674547836;74646.264663806;71770.41282031;64887.401670495;73346.068160269;94195.542644895;64777.986489658;81185.238159159;71431.130488321;62139.832107784;68806.105559466;81923.580390749;78763.029378983;75986.003607586;82178.533049721;62692.752395519;72231.146027313;71930.35677077;65794.695298017;72842.872318513;61443.566570656;89192.691414965;86259.191317837;54567.139623166;79566.924171454;69476.896524366;66607.481004279;82062.924460733;88234.433063;83303.224508054;63641.858780195;62185.876071026;58204.907713611;75188.661128918;78343.63904793;67499.055295586;67795.019579807;108935.73643755;68309.52475515;96808.75209995;89989.607931294;78376.656514897;69522.671965805;88569.460146231;69386.356973709;52819.691156716;61199.524241362;80770.988242935;70113.68555152;81257.925872355;67759.06864565;74236.733477168;97936.131261237;60724.359987131;51540.480741721;83641.487208368;78518.935729294;75673.752616929;60334.740306261;65845.406643737;87259.068867869;66354.006811882;69442.716491511;79418.061317188;68217.227020696;82129.633355186;73770.698938241;71577.307130505;94549.596934535;52127.695583042;57005.797591909;60275.319529921;89347.736700759;92351.433791302;65479.032418147;93385.487432228;83468.972633807;89330.844691104;102245.8699343;75348.600958367;91200.673243263;59869.006020959;56447.135067811;68078.407166948;72294.172268814;80309.495119973;88744.204421012;91888.864708353;71198.088477054;97161.236533492;110752.25769195;90425.984626891;57219.414167466;77920.642687038;79980.657287607;77225.131553258;82349.038102562;73860.990347248;73003.350658567;79994.145499968;81364.578769453;134390.08587366;87896.983811079;64257.784970544;72903.371469699;75775.409623704;85308.898761654;85214.908723929;83072.861119805;96611.260105632;94661.772341191;114082.42275913;96237.608379394;70731.864817736;58333.350500124;71878.561154718;73910.553875622;76128.79087436;72583.047961206;87186.064680073;71668.127231448;93936.607458305;100992.76274093;72451.859332957;69766.96164197;62652.629669358;82390.537362738;83972.933092496;63232.102989936;92878.085348923;76638.578097538;102341.5860614;101486.26953245;69348.356295634;54404.910712381;72928.334892762;60517.770384359;61265.600602744;87901.23574225;78540.775093454;107491.21975111;82716.013597732;60309.76409792;65450.60492037;59038.382023328;74128.461362408;80831.06222572;76110.992045747;75058.579894327;95437.604569199;71202.358357395;63091.443874083;69915.966368807;65772.434140812;73823.868636699;84691.652197216;62116.164903227;82691.537876098;80586.578361356;95359.122016293;60961.016705053;69277.605637375;68583.216345649;69257.815563726;88746.679011344;81515.458800792;84983.872742822;89141.790518244;78347.397915841;60468.448828809;64008.115805;76899.595307351;83729.858139763;80759.439693144;82579.92938718;88773.021654345;86406.345261832;69834.830227882;74436.555215151;84871.614113297
418.27147654204;40638.146596305;55130.461976232;56272.717142335;43125.119507101;43399.389179222;56221.089511157;50481.885210106;45811.374486868;34825.30224509;37994.999821042;54453.392198147;57246.257849184;37723.834641057;29976.532170565;40379.368348419;38394.302301974;39853.72495116;37247.746655802;55258.950574591;50446.030388493;47179.378551664;37127.847497141;39406.268299458;41393.525869775;46387.838424477;42601.575113261;24239.311586723;39644.436200896;38210.776060552;27189.397930147;30906.54060587;55205.583135286;42972.154516178;47786.92469777;63596.152600292;36581.126318477;48314.588219771;42526.430881761;23905.306691456;25189.661788322;32428.211114572;34318.218215278;42481.060455382;51197.55356827;37460.385239271;41806.504117733;40053.89644436;27502.594000918;44449.605545938;36789.633357771;62188.510539936;46372.605719718;47990.149975724;48214.61842342;50158.191173489;34462.094586736;34103.5834066;28127.767217447;52397.097292712;38703.144916524;44219.986154927;44733.212309834;30911.283469177;38958.723376483;31827.793271633;35163.27962338;43610.138800633;44294.456036243;42654.936247198;44316.605706353;52505.641872001;52356.56188365;37721.061170467;23397.539901449;47458.123269771;49437.180045098;43551.923188634;35312.630801003;35435.209277744;47833.551979954;42665.282829362;38882.032921378;33519.233146264;39440.929859778;36320.539553486;47838.545177615;47881.740790176;61364.508631777;48811.217606813;50399.493792294;44393.813696753;47386.777261965;48828.395892188;55763.121873017;43723.454030102;31881.114644896;52514.091044729;31842.69222972;37539.021890915;37508.588818608;47243.935533121;32586.650357243;50293.764129743;46709.785954369;61711.988587931;53126.719149797;47510.860079537;51445.605366196;50842.061649925;54283.482486346;44504.116126427;34082.007905618;43764.964572446;57924.910959764;42865.834568362;42586.484133767;40392.390897102;47209.235694427;38281.242828711;33654.87818857;27433.238883807;33383.496743083;39358.435741692;54081.711626374;53629.108028371;44955.920962484;64482.440281186;46154.235581326;40685.575799575;37776.944513616;58635.706256326;42737.781232163;38278.116877402;52850.567770981;44040.748091865;47849.502556903;30363.024004069;27354.095506649;53064.612162279;52505.272700888;35951.61764281;44590.000399584;43008.656603747;52094.702622043;52173.869511281;40920.230370433;43788.699794963;43295.408027536;43960.476554342;56780.460900399;62538.7964449;37792.172343764;36003.856572503;64603.321789317;65637.703215602;34834.931148231;49356.064954367;33876.541893225;33462.729187783;45906.186704167;50854.095367587;34053.511787891;51814.644577799;43664.810199174;43085.562605069;37031.91385061;26738.524524258;50061.534798162;63030.640833567;44708.422419108;40848.845671214;46919.619993911;44354.70188013;50961.277961749;39109.282998769;37730.40304177;46876.248620512;37550.476177225;37204.399108431;37130.765094968;41349.714937797;59635.33703109;36701.268306383;26079.288136638;32159.423810493;40373.600980131;57872.071370417;47928.930019309;57373.581964969;57384.672893271;54535.458481495;41203.030666317;47344.921336655;61429.514945816;33713.533653361;46658.710548952;28248.204230933;39674.965960318;37589.798938736;39709.073470491;61947.570038148;45371.018017594;44107.515240431;36630.81660119;58840.718731197;48798.738606956;46622.96155157;48245.338306978;34505.964433868;45958.110780231;35514.524021267;46388.619172455;46004.98816022;47266.154546667;34952.524982564;57498.795794002;26744.001703072;35117.759314612;29053.154430686;35012.644282598;39623.965121804;46419.189070021;52379.5225658;55891.380122687;53442.058983893;59704.391219155;32022.948299249;34053.275587611;32927.729508032;50894.531955137;35731.529242059;45555.522736848;47334.261955035;47403.589065061;36013.06760522;40657.549114261;39770.083557855;44419.651049363;34769.298542806;51894.28086167;39658.082216167;39880.301544391;42380.23186218;42634.330494596;48052.180414556;38341.22250887;38905.695934828;32671.230541971;40665.101383405;33610.838959577;40643.984825545;54274.177770795;40136.611523092;57749.257789222;37978.605761059;39179.461234639;35877.61606854;42507.979306249;32990.64702028;47602.257214805;37853.519209918;48972.497035739;53340.354389675;28942.028112271;32763.980988221;39723.254159041;32368.660516488;42227.403062517;50230.3207435;33772.88950595;64070.762699759;41774.988233664;41026.374095956;30309.207441317;36076.805081738;40763.541770639;37227.076262901;50703.129872165;41816.009315479;54060.84263192;49815.433359304;35437.159869196;38400.945350551;51989.477056911;37291.716396259;62155.46740665;51014.509396895;55729.156177369;63235.964937342;59243.470192053;43366.227806151;45681.002514649;50886.799676973
419.255092431;1274040.1419656;1456167.8193653;1339196.3442809;1250235.2445047;1273899.8648295;1321361.4662513;1077574.3282646;1060229.5254009;892241.50119209;1199212.8135918;1442807.8696727;1316967.0079472;1208843.846919;937443.515503;1044201.9874406;1228925.9303008;1318323.8113342;1218349.0873231;1224568.6974027;1315069.970726;1499273.3312079;1268147.8824342;1411296.242189;1394876.1451061;1455192.2043787;1225495.1305349;1073481.3811064;1319853.1458917;1113051.0969147;927496.30664385;863906.37151274;1148052.0919553;1096593.5950961;1347161.3428914;1344288.1056258;1348774.3929954;1291726.2061255;1332515.574601;1185868.7960968;1082760.6161665;1057172.7165163;1203058.6316664;1318194.4569376;1335705.63243;1409485.5363572;1343505.6240533;1081991.9874759;924707.24672777;1038186.7821017;1106520.883429;1329007.4997225;1178335.3362451;1223452.3865445;1578950.485495;1315145.0807593;1090224.2772157;1331080.3740219;1253232.4468714;1330763.1648846;1194252.1415802;1273363.0524431;1372424.4546008;1208706.5877073;1117094.60195;1044068.7487389;1083384.3395116;1080725.8516524;1470639.1456548;1169205.6166579;1132709.4552673;1497648.7404207;1493633.6617007;1325928.7432467;1183274.6346431;1296230.3791387;1386651.6175295;1186390.5348335;1375186.8039651;1253574.2625606;1290873.9172582;1331575.501841;990687.56599544;1142146.9994852;1126353.0617064;948498.96310929;1304631.3570515;1350708.1482322;1324348.2065709;1485848.9233841;1301497.0815398;1477578.2879756;1381888.9851718;1249936.4964228;1416297.5551588;1468279.226725;1191044.5647556;1348220.9247495;1291087.219207;1504704.7525417;1204184.8379305;1084206.4242894;1153076.5932714;1305228.2320922;1228703.9087153;1237347.1155764;1281082.9679973;1496856.4767682;1415983.297562;1468959.2610489;1414502.0506034;1324227.9604626;1380807.2339967;1428686.7327759;1307948.4095443;1390410.4321557;1415810.5314796;1444166.3249767;1329045.1355331;1414583.9635543;1022027.7413181;981126.2040455;1130166.4210938;1121265.6499708;1116101.2015481;1300521.5185432;1295495.5909013;1453639.3948451;1318333.865037;1078829.395634;1419944.6949605;1183883.3427926;1325425.7411679;1401188.1061962;1454030.1957032;1372168.8488396;1116227.3143158;1074433.6413178;993767.95167878;1275780.5756703;1190199.8545036;1264437.2959451;1481004.1171957;1257373.8244062;1156290.3939022;1296162.8196105;1098429.7374234;1341585.8164978;1376846.4073947;1383253.4226047;1457587.3122334;1478987.9043787;1050844.9854981;1108186.1763367;1455002.1137463;1418312.8013803;1220090.4263719;1283458.834109;1216704.3119016;1167035.3283276;1211565.5575424;1397513.3388713;1338557.4728534;1647681.691817;1329526.7771466;1331621.5947906;1142500.7326695;1033698.8532775;1110184.0100468;1585638.0800085;1259810.5477734;1189478.9976494;1261752.6188385;1267852.5220796;1386895.0950384;1401597.1809672;1355302.6230592;1460045.010995;1257799.4736717;1408705.3207814;1117509.981678;1218138.177174;1490326.1230166;1170220.6892897;1111930.8952228;1206763.9547569;1296715.8518207;1513897.0626593;1345055.5095227;1590297.780893;1553715.6604048;1553647.6778806;1176654.1352422;1266907.597785;1434426.9582552;1266670.9329561;1250123.5688791;1344152.5370541;1418487.9245156;1407680.966333;1477666.0578472;1608189.9986396;1311851.0806345;1417360.093168;1191972.5916139;1474021.967485;1307910.2110213;1401400.2913596;1468892.0647807;1333963.6365242;1541365.7339992;1349139.2591347;1538963.8879673;1389800.001113;1500382.8981272;1298772.818106;1451661.6273646;1120355.8920511;1244691.1648551;1393942.932144;1396074.5955255;1337456.0821118;1457236.7033253;1524714.0025978;1613269.4882051;1375573.0856876;1404469.6427191;1175613.6423917;1117934.8499931;1289362.3134638;1346748.1521689;1396338.6084028;1249506.7950781;1477844.7600245;1499152.4908872;1320366.7920423;1307575.2013535;1236490.1389361;1294397.2357031;1200284.477013;1319860.3394324;1329061.7104087;1263050.1634526;1630033.9839426;1306126.1634435;1346239.3092237;1136586.4232545;1297228.3575551;1184377.1389044;1408629.6740732;1181923.7258052;1214471.6850159;1447650.602164;1507676.1243789;1430959.1682215;1089373.9845482;1168246.3017129;1206755.1165118;1166857.4670744;1318423.6640783;1319195.1411376;1410146.1537873;1457696.4628636;1387908.5313659;961614.83271048;1171164.2642274;1260746.3795335;1176390.9647154;1346718.6384233;1436251.8001776;1284938.9265215;1470629.3194176;1328402.1898028;1152216.3830864;1064017.7664673;1205259.7487055;1216343.3193503;1266312.8354508;1400348.6710389;1462819.1982415;1376515.7637063;1170542.4977824;1151564.308115;1135213.5527202;1274619.1999098;1208990.942039;1508745.5684129;1350190.2923335;1350652.5557236;1461857.5783021;1538995.2714006;1241434.5017734;1249707.0792361;1384483.8990725
420.25877940346;308898.15395129;315247.64397656;298038.85806045;282889.98755281;293994.68030167;311622.9058585;253810.11499433;233232.01402675;195623.49980619;288366.5081809;322093.19395835;308205.72842084;298217.47766333;195695.9268553;227983.9472972;281839.09758571;302570.317644;288873.76845017;287646.73129938;312229.68462645;349247.06330517;304289.78628095;319960.40523033;303639.62292552;340034.96725989;278183.89372273;253748.1343015;284058.78816133;232258.83986264;205830.62781193;187835.81257663;252571.53462486;250590.69781305;319658.799302;315987.64331218;318295.80940312;297123.18097692;294433.36183221;279037.21383585;249587.77052458;256891.06346235;268219.99022456;317705.12632432;315062.38780079;317673.69792495;296315.22196672;223263.96831819;198504.48546297;244286.32376715;258035.98571258;317647.32338784;256986.23286109;285126.87685301;370810.90519327;314165.81694515;231954.35806966;286046.82249655;273248.85277002;297966.09835197;276557.29576117;298742.2563714;310490.36855587;284735.22844572;240262.29113254;240852.58377774;235949.37147428;233234.74423032;348650.32706649;287275.50994853;268297.65505069;368149.35227893;355577.13866146;301089.53485175;270622.20640642;308405.40676687;302178.5807364;288918.10727312;325652.71168363;279697.06066399;287751.90545236;319359.17647171;214840.25918931;249487.52947457;258935.52827352;216399.71813838;293767.13718571;310575.75987041;291395.7522996;341335.51349359;297228.08511023;349385.98521279;301916.54938091;307356.17462947;315691.02615441;353434.20181792;278179.5762046;330225.06556117;293271.50627009;352879.82406385;274102.78000131;247223.51470746;248501.20942101;283696.59442491;293905.58115513;288993.02565424;299288.90844611;338461.54446618;323215.56323732;341468.80112946;318727.74326875;310237.5124675;320933.98242358;301952.62463887;294676.28501544;324053.05158004;327166.49886161;342409.03808209;302084.73438544;299445.13309798;241090.3689236;224113.62972382;235243.72554246;275087.85792808;273768.50878937;302694.33187249;298810.97175383;355018.75005505;305080.24242701;247851.99876668;323373.50657033;277162.06864901;299024.05624385;321139.1607601;329305.6087025;299030.84126402;263168.01305093;230582.30770295;238129.21989723;314388.56029485;261741.2038781;311236.70312726;334881.05404963;290183.40817062;277091.51493925;298351.47280609;245198.44379214;320513.84022573;351188.68034016;317708.5566822;321449.3412367;354467.31598985;248415.5021114;242079.515945;327846.01050837;333684.75776294;287608.43343415;292868.39769477;285108.11498117;258297.340666;285358.51095087;331464.21136592;304169.72389383;384632.53481829;295115.42603949;295785.15574601;253364.26741374;251219.86726158;249283.32293169;362811.85963479;284674.35280392;264918.07180733;273663.75321023;291680.87112512;329054.89969836;331511.60058917;315388.36792601;321826.58441662;305694.59558516;314705.69041563;236765.09922433;291316.19376279;346775.95083321;271029.11880816;260369.33758393;288856.04957549;287344.98273093;356066.98394381;313754.19064854;373410.54916628;359329.790194;390635.37210221;255056.74087708;291788.18013521;339035.32509589;294185.85284531;282393.65239599;306234.02620001;328754.81496914;335321.67813527;322926.79782443;373856.13974839;308689.91170842;322442.5824355;274633.12467786;323443.95069978;310212.89652007;317881.72851793;318406.2582038;311844.28961689;338399.51147525;319842.81208474;342323.98800266;318480.07078273;356900.81960667;270051.69503835;330680.15583421;253617.43001225;287837.5398414;297181.00489261;348381.60936906;313833.53453751;351886.48964376;350282.1538996;380738.5228111;292852.03821874;311773.78718394;271858.72152917;277260.93449602;312820.3929291;311159.57413066;348512.77034207;316781.76268959;383288.7738522;361935.87298436;289670.60105728;319491.53082106;275301.61783535;304954.20859873;291825.54374204;330923.78819069;294740.46916263;302987.63979777;396109.51137576;319603.53780074;312818.32183976;244519.32050578;301748.42063039;268698.71743635;302924.36383584;284666.19120035;300497.88719506;325888.14280923;340619.40360824;326930.8593437;232255.36457394;265866.61815622;283044.38407335;267882.8467634;315775.29846499;326305.37385508;313731.85964968;331335.76424181;314651.03318949;209599.92271737;299903.46377748;278865.09464476;279614.40875378;313385.7475812;339420.1051168;304958.86967421;352402.26541018;291345.4544394;256498.61895053;240820.21745871;291245.18444997;290398.68427732;296171.00851113;320492.95808153;341429.83674405;306151.36105798;285087.34341533;280936.95144384;272351.57193323;313557.34899758;289920.79027373;361048.61186974;299638.22767575;306198.68155123;336862.70848986;359318.0609796;292237.62129443;284472.22512249;325737.09706703
426.02027234262;678534.05413459;480020.05913251;500243.50407519;829777.93690887;697785.51877149;576394.62828327;698856.80570428;527739.59917808;518567.23519704;662454.921379;508475.03388749;618266.45738954;715741.18567089;906259.69860842;328899.60686604;650805.45438199;499081.62852164;480532.44195905;609445.30986949;1085481.1396439;844951.75669869;1396809.4542203;1084850.2941013;1024868.6224764;698367.64564841;740114.32472577;950728.11523178;1195112.9726413;1126172.0184681;876659.53860312;810681.9953608;711162.57929653;750336.52853922;356098.62080398;515084.2658335;809509.17380495;896553.87031566;933448.4321708;787129.70000419;771681.37401878;586720.78394861;753809.97138267;693701.74431267;802174.11660502;593810.94656827;768581.71350144;1074863.2614981;1175631.423047;828806.44267689;858756.80943186;513032.21832232;473751.12506919;582029.99326909;856688.73818776;985372.7570729;651986.00402192;658348.24876856;618987.08366041;680944.3683141;640085.24151322;503364.18165508;374551.24894302;796867.49681277;960977.85737621;843867.10574435;677878.8202501;848439.95579254;581530.6064145;360825.99318571;686597.82713667;798472.51026721;952979.80238078;938723.95197129;699286.87804796;554078.48550998;569483.73704143;650982.00692367;647744.34029855;411221.29841837;334569.93255937;585832.57559301;618563.41774418;472434.76793421;539344.08524791;795236.60984239;481471.73455701;348229.66692074;636343.94415047;1055016.517422;766539.06847322;814912.31724651;918994.95677427;647511.63007472;711238.34964889;648270.98139453;545148.26164838;388682.16306305;484836.96834545;510180.55012919;625588.31509342;764918.56707853;689213.69425123;471120.68665791;508674.62636075;424962.586388;503849.43295586;664666.22013674;536113.61839347;489049.67688907;962356.22684343;672159.69912907;596384.12924405;572275.32284951;350088.68094382;333263.63901907;460576.48663779;478793.63948767;421803.38190164;972143.43391462;784057.96697966;729217.09515038;503904.51794216;470748.99999428;466994.0841206;762358.0167321;740392.00022072;441684.74698723;406126.91684531;468386.68421513;323626.52590521;553517.94831217;562288.27354093;534827.55515862;459671.52593754;539586.80615958;600060.67452658;562836.20800062;413648.70524519;344382.07916559;476231.54267761;740045.21498468;501362.64377389;462650.58421991;565594.74135418;756743.35207731;642460.26807565;515813.35544364;534881.38854378;567178.93618502;324604.86881398;759092.65792456;915598.50108389;557963.57053696;477491.97189689;488219.01453484;544396.20874917;424866.7438783;427341.20535913;593386.99978179;463907.39981869;518217.69973941;479107.38758067;523348.31434653;371405.91760323;553008.67716428;658459.49285463;613406.12135898;645223.25553158;605690.04733046;531366.51595309;499467.29388326;665314.41372726;577848.44661648;539466.12593483;452577.11891541;442949.59999218;594611.47618218;571405.52523563;381675.90801101;504350.44935087;409878.93157964;632440.50288183;359113.47790469;471887.60027077;648046.94101764;592466.05447966;749297.94807612;617844.6427222;705264.59886557;514167.18774582;408056.43358877;585786.99959422;601083.57823203;614472.26811612;577937.34116384;717184.22530053;569829.00271674;762504.20998187;761162.66356606;565274.32850468;607276.37650681;403491.32556817;627758.43614223;572945.10794811;585434.8698527;667917.17667022;664162.23256616;387390.80638747;693498.86309085;679565.91234055;642961.11933574;704658.82298953;535895.71885672;718888.05561209;741455.53901713;524982.64148493;1001635.9198152;672062.76578381;588886.23841286;706716.91498627;739527.85461105;592638.70779895;494699.4866526;625957.32445359;563538.72254171;425074.8199739;858968.22249727;734273.31673958;841344.88446288;545681.95082622;626434.38080957;715765.25418164;415587.64033953;557177.50239361;628244.61513185;567158.78939285;655532.14359102;597311.56249025;823313.64194919;514179.84820606;865103.55837084;668070.46077405;733756.57160752;601374.00172206;689669.87204003;840064.21580521;769752.75041962;811214.30205158;757131.14105662;898757.58653798;764432.76305374;851957.41746147;559757.4811379;573392.32013429;939161.71086229;887469.70600501;669467.92328108;699165.82407723;811973.68073307;693126.81746845;728707.9791999;711869.90448209;1113220.3097934;954167.21864933;886363.50591643;969882.31318522;565725.40618681;517979.24140194;610513.73232623;694680.15127137;790398.17370658;825404.77405704;1076792.0196473;770533.28581215;743036.17084786;695581.63873521;907348.31011121;617381.56452996;802903.24729676;901308.26259811;844358.64045872;820435.13730835;961342.69077323;1164404.2753403;926818.95113766;762031.54060881;864918.403845;1020759.2183061;1062249.2527638;790352.53156299;892803.38547039;1256948.7551787;906574.02035213
435.24988760813;86563.859873411;76557.251663278;91851.717425615;66438.301746737;82077.846699007;81804.76887706;97253.310665249;77934.308861232;76673.950471979;103444.11764537;82156.133632819;81229.838778814;76018.583532627;84684.481547605;86330.486588658;104099.82664112;87863.91213149;77769.834805233;100991.08740492;83627.137571135;98420.912800633;80321.306195467;87923.789813002;81252.392504005;81160.84314273;85645.928543984;73935.437715368;75622.916365514;71946.166927907;71056.002630262;69241.646804288;98845.980766627;84212.95569913;89905.263059483;81272.91649577;87641.777807458;99333.940033216;92916.150740162;77002.805352859;76038.586923329;92631.442286281;94029.544429309;87216.443703771;84790.995625765;91394.919660294;90690.854914737;83353.837889144;80002.449642132;93545.387526034;108603.03732112;101995.51135102;82885.06598645;90050.327673144;114028.38002217;100010.46585001;85303.704912611;85986.493718493;90221.178521969;91555.558457414;78705.809329953;84721.822816255;97494.929854621;108035.73291734;68442.243620238;73577.367571276;88122.778945399;105418.98030387;108324.54850003;85788.152538552;78177.448145628;106524.95077487;110372.38502043;96200.152470571;91347.680788407;105016.48134114;94357.606714238;83777.049196547;87249.870230157;99781.781443383;89537.597042526;85700.39411969;79366.876647438;88143.042576856;100984.68989163;88456.513730603;108003.41226528;86668.325039083;78214.988535067;78390.375400542;100378.42074472;103982.29502701;106466.89897783;104927.42226277;118121.57669513;119087.60230028;67808.993218239;81797.583818423;84576.434649136;71696.274175643;103079.97899622;86375.518668416;86268.672606075;118705.39252103;99603.169946605;93925.522165678;76889.683971487;96820.183751685;87151.042216036;99122.853949006;102357.13733717;114835.18955075;103182.27664938;116303.55469354;77996.245052513;95072.245169083;86110.244387642;97095.963514948;81426.481937032;88014.946585589;72566.445894337;94881.236063793;86147.466203265;81449.892677239;68191.849882867;86615.393579225;98268.545187008;90453.838735686;92430.641665836;85623.890239294;77572.12272557;82983.390206356;77030.065905147;97274.7591499;97387.317043152;108694.92331082;101451.02478281;101435.93276562;99165.365472328;92663.86603021;69092.234093727;82468.667361106;99552.02925896;96942.379792;90042.742223421;97130.099114295;72408.362268462;82247.604184358;101506.9013659;82628.708030034;90736.226268348;108321.21136812;94704.02673737;88063.894157201;100960.85329126;96381.305530955;103436.16019647;94651.036714427;89210.674722954;75573.518746209;78904.686369936;97192.311972681;85697.392544402;101299.08402123;97208.170578973;86116.224850014;100872.50349533;94122.338763453;77161.439533215;104583.94598247;87124.938659619;92812.544922105;91262.919582267;89549.218723678;88646.668658035;75470.729281139;87333.800510702;99226.251248417;83964.064722384;88794.185708667;101580.2227304;97577.92017507;109114.48984731;85184.573791075;90003.780511566;91767.550327922;95401.505470678;92739.460899361;104471.73569366;96072.310539775;83127.282693362;99513.721181294;101246.20138018;83691.728342907;89845.809745224;91879.440975731;68466.466147133;85066.143915246;74033.322832268;110536.01600062;102638.36973451;111973.4131295;74094.673012409;96302.442793758;102071.11343588;98584.504285576;81979.075339687;78324.452201393;99955.094618616;93696.790678788;102696.69792293;103769.07113835;92823.105218902;90352.507469988;99841.307363472;112859.13043513;106280.65539763;78484.954908641;87314.430726971;87494.155252337;85582.677339615;90792.102617056;90477.607748769;103772.23708563;103344.01454002;103630.31915453;105131.25826118;83810.892146767;65044.76856337;96600.301549208;82826.254080641;100339.43109847;99744.632924057;99907.028810964;104088.33532346;91123.479527488;95613.505588079;87657.184558319;98919.780555003;69727.767209689;95311.065241119;95792.324191663;67467.029198525;111757.8540032;104157.7240606;105820.01214041;88217.815536181;91618.232342738;70571.844730114;80625.561000396;73746.857089433;99441.08848288;91199.679825963;112328.34235487;107592.25415207;94073.293594174;79416.988995729;78280.660640707;67115.716947297;97681.660573561;109505.70902764;94266.803176685;93344.10314743;90294.237039136;87162.531025555;64431.557562333;84052.531319389;98194.213884793;76444.717847846;100551.21353437;90678.782441038;109837.23261954;105425.20720904;107079.40948327;84198.758182244;72738.135819254;88738.30835763;84220.10535706;99469.148129423;100225.54818266;96114.143176714;93715.687492608;95657.618382756;78722.413288886;79070.760766335;87709.067649795;97055.085876626;113397.37553052;95215.926635163;97879.442256819;105823.23675241;89102.793808623;115251.33132429;108533.50666661
436.28180904366;48153.574471308;68320.131860535;63464.23342285;58946.479888113;51404.299260555;71596.669276615;45724.436630733;52798.669378629;39667.204730601;38144.641882025;66199.133928526;58209.454048033;53399.257036298;38446.497893535;62645.636179983;46365.362349406;62766.999389446;52267.384810674;50389.973117215;57006.808838999;56073.319554696;35044.177017002;51939.895983293;42005.388527309;39650.669440174;35919.516248919;27538.070826965;37917.130287683;36668.680281986;26093.072396924;22201.217188121;55914.610723116;48356.676469901;62645.15263795;69304.715463177;62867.379930337;46233.160384433;43851.088367248;35104.712741086;31658.253343827;34800.536785958;35513.732641085;45095.014928214;39820.485633096;50014.8176762;44705.80317119;34166.629815924;28947.257294363;51691.955738377;46676.67341122;59773.618524104;61263.244957598;48479.156643302;59765.089748062;34736.888981693;47581.738201702;38354.312511171;40232.966158464;45948.43566519;32601.810190929;50796.642372765;37680.995303161;43277.080307589;49064.085306927;49008.767523111;49481.555224711;48166.971819552;68902.163315073;58089.451929024;62549.903264022;61779.370344918;54643.356447768;54568.85422328;41905.077931367;53229.497561432;52944.422700302;37495.954346017;47449.42352521;38754.022098981;41147.298214501;31668.957902763;33011.179044058;41472.39374853;46771.54867837;32987.466292978;44595.985767694;63761.077737904;68908.118329346;42281.63253766;47709.700006034;46812.407813998;47072.602685245;50137.186738236;44772.376839157;40935.079282418;47962.684798004;52627.981913982;41924.505893597;40623.201851083;43199.9620235;44742.241665713;41941.145651704;56864.396414752;53964.32156768;59632.482367131;52154.504499529;69913.238073921;59581.850655896;62071.010677169;41997.170845533;51921.103340894;47520.175975204;48863.456444255;49139.352281448;49221.494688877;42318.13692977;57181.673646841;42654.731647484;40968.255427236;32678.306323465;39023.454733204;40136.155773572;51135.198518691;48197.752462675;45880.409991723;39435.613211866;54829.753743929;47234.170013158;47396.182361815;51524.761212979;52836.251617527;40998.788473202;52641.201013309;41574.75830674;42638.847038657;55576.777285372;44035.855401446;38894.005187033;60094.982656409;46226.691159176;35117.214254758;45662.835734103;49618.870251241;46272.602561015;45717.398321219;33569.17962037;39946.193679202;46408.866098681;52127.769736784;53243.819955368;51430.295655398;55244.687351104;43947.391077988;62749.103067614;71420.268644562;48137.320560192;49811.240431855;36203.123227876;41187.943209119;41609.810339654;44861.328342518;56222.218188354;58015.044698052;45260.560228469;43077.48643756;36160.540528695;38552.316184284;51294.224676279;55710.861380847;44566.056012905;43328.666012441;42337.417623249;49838.588877604;42655.080593212;46079.760439376;48019.982737633;55620.826282706;36792.243297486;46426.763026092;46342.546403574;48325.78551406;69732.083799418;36890.326359267;35505.758876119;45443.577592404;56209.989049318;60543.035823759;38816.739471398;49597.868713661;52874.573066801;58931.234625756;49560.56796172;51439.120909118;65301.215142008;39281.924834206;48908.768635118;41202.21842383;50194.126703636;39246.91700167;49361.16672881;48995.307702769;53128.536262902;61467.669433283;47294.079747762;51291.593866825;42565.248038641;38492.045327054;42818.853605286;52739.015821915;44165.141878898;36299.719812107;62325.505130963;53009.261806607;44549.876654971;39149.1656245;65572.643447138;33655.304517485;43171.061137087;44139.97137006;35524.627292121;47535.930816415;53178.939364969;51217.229427175;44775.954038564;54318.0492252;61199.888829254;32272.845082809;39509.467113279;35714.492777878;48398.361656443;54673.551076724;37975.923784136;43752.156802989;49041.697460871;48405.657148256;45514.819636825;48174.680820175;40018.034931969;34725.987634137;40045.253773167;36790.651436994;42592.312942724;57218.704366498;40657.053155289;60130.515331561;35037.343911989;50337.46064473;29405.443380278;43945.69062862;34929.266914696;42721.063114183;59019.472537048;55512.077078286;53830.333113147;33406.927866271;36641.368673724;38528.49566458;36586.068319534;47318.795190228;50287.847727855;50291.34168177;39194.962523758;47168.926796479;38146.780271562;34539.909944315;37913.324421884;35092.138419305;34372.64149904;49499.588809216;47491.775261192;55022.945055768;55443.800275089;48877.94311225;42647.033062303;38694.498883574;47685.993536836;54984.277847933;56181.116610501;46114.669352067;60791.793569529;53881.254657324;45111.300370308;34928.257850439;42389.404171345;53229.383040525;47385.696327424;58368.831955937;65157.106645469;66461.977789532;62047.442751016;40613.962145944;65122.755958156;71868.977466382
437.26542369751;336790.53056708;362125.25346731;377959.69408333;313073.83589827;297900.80304007;346707.22326873;323925.92000251;286245.86017456;244181.69855796;305074.06361044;375379.54256133;365540.64810018;327938.84349887;244919.19792626;281103.62875152;311371.53598923;361373.98956671;334038.11035595;341767.61348941;374212.30715022;440012.67490012;394509.54022468;434735.09900654;391906.61638991;373782.19824814;353827.20649032;299614.69681818;379252.25093317;309655.72626119;251191.66104107;221579.85823478;312827.81423153;293126.40484545;386617.19467952;369686.25841312;367750.36661616;392314.31771903;417160.96976737;322635.83658557;319694.9787772;303733.52963343;342119.21935729;342018.58068157;378799.95679245;396247.38885512;396336.21706526;292498.48398951;243795.96276868;277883.51454099;314655.63006025;364618.17560333;361264.46657358;338774.20235719;453300.26337313;414499.27072899;297636.82943929;359741.43306977;340416.59237667;357038.30612777;342032.44771711;354722.0506545;360934.17842868;334699.94300631;329675.87330424;310803.99258599;296341.75347117;335574.41479591;423041.70207919;346232.5418747;324551.27907776;452169.15648881;439117.95410459;357417.86021356;298861.53714266;363121.09948579;351410.3535199;343595.68711735;356836.33427454;321141.87729858;346470.97245541;335726.09202182;290436.9372068;335819.96011161;307902.25964104;271922.41960486;345779.04456501;366224.76370418;360278.16041044;412132.06542103;389230.45364525;420838.83448829;355900.47636283;366506.21785059;394844.90744419;424940.43169342;351536.34269191;374061.04175223;375714.43459121;392209.87144437;337963.83325886;338005.32459016;322546.18441416;366571.49177417;327237.61748182;343577.40894039;356373.97658299;441417.76562544;388732.26072193;379161.35827489;380050.83648242;391029.04214691;372834.22519652;384691.50934172;368396.63545472;395553.26230993;371337.07888457;420017.73032842;390866.99166992;371451.16681311;306788.90633268;256278.32146636;329632.74750586;307447.36117582;326287.54108487;408548.40693619;380047.89325992;392256.26902701;368362.32805975;303809.68016899;380785.04751993;346621.56260116;372848.47281446;387600.53619501;388654.02141106;353370.38200873;341871.698113;311180.88473088;270156.28622789;366724.70937192;338511.24066449;375309.80816752;395961.72213547;357952.98471533;333001.09196075;378957.97373413;312509.34040385;388660.62617228;398414.17629889;406503.44027633;433639.63931291;430113.22021064;285270.37862297;286523.55957871;402049.54668308;392945.2041111;341231.82678289;347253.26055048;316814.96560165;321011.75924687;362291.53885186;395080.44006491;363578.00337316;435759.64625477;371936.45985809;331906.42849949;319686.0555483;253812.29672357;286301.4655812;418430.7535542;362501.05217185;342306.59239287;346604.40072739;346153.08573965;403842.66619716;384971.52993012;382518.55795273;387552.27896322;348682.51463172;378354.69484725;271659.8641176;339959.21359026;431071.35901773;312696.7355993;326588.73505216;321001.53200546;373253.72451217;427388.5352888;402814.09817904;464719.09181299;436329.62787443;396332.77425605;335388.4336677;343211.29175384;409572.99499304;349872.56893061;341154.45949154;391027.46335112;400021.18970661;398185.91919046;406404.87360911;442805.55244778;361189.73152413;382159.51501555;311610.65547016;413171.97581026;323479.76435964;389855.99240592;376642.48723918;368503.43194487;401494.46712642;384059.41977302;409663.54221591;374847.2457114;407305.45527085;332061.77390042;415063.62574879;310109.08892425;358995.86601397;424635.97060072;396999.539151;360054.23364758;401875.67854164;410120.0097935;435593.0988636;360294.50535244;377430.07069606;342043.48727103;338559.02700886;373422.64549705;369754.42317525;413993.60273676;353664.22154401;399293.10417968;421818.07764742;314140.72272628;341933.17358942;350801.52057602;380197.18696803;336499.77050399;385262.48503264;361143.34391803;371965.31509605;429215.80669283;356878.84766148;390970.29540952;274193.75145672;376673.7822981;332686.85625996;377999.1717761;321433.22329411;340669.63604619;374900.79053847;421448.28762051;397193.97143863;304533.10904816;326041.10370487;308420.95523663;281856.87911542;371427.03556177;353767.91871299;395079.17173189;385238.1997163;378181.15019061;260174.88276517;331591.55427391;318115.9979656;323573.86075264;328535.48913679;403298.46373697;355030.36289351;393902.21671116;397811.81253091;321209.51087614;293494.27495596;326130.39176491;369519.41593107;362174.93521505;384644.1118803;430662.11440465;395467.05162635;360098.09870199;356511.29214816;321978.99349466;383175.86797755;365648.61378704;446252.77186445;403656.51181328;412318.48655448;436242.82957913;415689.72095852;374462.82229172;367687.5448216;411162.77880566
438.26894363276;65633.864971068;71195.821979377;77507.724509237;59430.403617702;72049.727568406;74241.084646257;67326.673139337;60259.787349758;50471.126882119;69465.865587058;71465.235170068;67990.781784303;61902.096069727;46494.032084358;54883.96936275;65388.737519469;68985.931028512;61868.741075848;78327.488976451;67016.553828267;76414.64979966;73162.241098534;85092.287085015;72296.022766943;67467.578585947;78134.526538681;55394.087808011;63660.726622424;61874.796545344;58136.201613764;52985.993553604;77465.096747989;76129.645940347;72384.714279097;74073.575993015;70201.043648227;64155.27245265;79152.390065473;62003.612143163;60384.354541467;58858.891368527;64529.806703926;87424.1839746;81477.043160045;76446.153027326;86932.371500522;63593.910934263;52406.483832142;62012.084062234;83341.945628572;83755.260794882;72118.274523816;66601.85522504;89789.621629774;77879.237680816;58440.137705272;64685.542482139;62286.852140261;67643.425807634;67802.905105598;72685.533952392;76171.606682974;74088.445576888;67744.431630122;65204.338503653;51250.508261828;70477.928091015;76911.153344307;60049.190564933;69659.924707738;79807.074425822;68934.679925091;73731.602801952;65814.302187892;71245.51539257;70580.424825243;62606.079097501;74051.068497211;62518.688742229;74004.531179795;67359.380736237;56969.759555508;68241.494963105;67343.010414248;56352.682589866;77668.635431568;64718.652243785;60508.396728907;72314.563452595;70038.077731029;80543.024118388;72316.787204669;77476.453200027;85084.334192658;80691.766634641;69832.878577693;72600.752165063;72855.439543572;72936.276588952;73202.46180973;70689.415917372;59703.364522873;82107.271830242;66804.770334504;66637.693849797;70884.417788249;72375.7281142;69890.348320608;61551.14478663;72406.047634494;73827.242022413;63932.376996908;74401.712823565;69551.439054688;67411.373387877;78296.046882795;81154.699104149;65607.280227438;79983.399353745;68956.994032797;46379.863176921;51625.068819406;63662.090121326;72355.974030507;74722.045220378;70011.998224407;74022.638605213;72401.196901598;63397.336098181;69502.816731298;80682.683296389;67815.995225403;78617.078277337;89352.388704016;69860.494207523;73595.964792322;64093.152730819;55940.691414239;68044.598393982;74355.851234999;65480.284608542;69409.059465168;63020.917460179;53896.884616708;77262.492426065;61866.591724422;69496.617294031;72064.732604704;85483.861195874;77588.003178658;90333.127311707;60713.454219268;63123.077866587;78963.238549224;63680.99147099;55319.127204003;71344.042270607;61837.437308571;66428.202753966;82607.523272396;83837.389216074;69628.898830961;78120.583718489;81958.722580491;67380.814367232;61118.609435935;46515.539682754;66347.953649226;79708.885347868;65181.181146942;61630.042877349;58795.239875834;79914.395107967;76884.116264748;72711.930673342;65845.1862771;89703.396265218;73191.657148378;69108.540920414;58318.595271716;57819.443404347;75372.436190262;48750.961113385;58609.467065559;63073.451797047;76352.076510546;77882.283027391;64061.648461935;96500.250209985;81822.086264678;69065.36293211;58797.237233734;66231.564142491;75366.509210754;71511.550059628;58620.231275599;75353.96087474;68023.330195145;70675.450033405;71616.355553545;82515.647782104;62191.524356057;74577.907300171;66184.286900164;81007.180580361;61128.732191941;79128.541762001;74282.132157059;70195.975332434;78937.555925443;92497.059398712;74612.355353939;73533.242598342;82509.604508103;60071.063199846;63277.062164854;63214.221706951;62000.449618738;78524.378435927;64382.515881812;74710.759815052;75534.406367132;74705.344465572;84912.855539733;67146.175113627;68238.412233771;73810.385508477;61399.730962635;75436.861540306;66260.923814236;78372.018406877;70566.968897161;74701.167933234;75906.836010421;65773.763896573;79809.673208745;62338.00962386;76154.772287853;62096.587164496;74382.543958413;71361.44216283;68254.67465996;83893.697977946;75255.972359619;66268.74606764;62420.853577266;79020.018935824;68972.302122694;72316.061597898;63364.216859798;77717.28558802;73655.728350265;71363.933739597;77935.714789202;50609.970228892;75774.495739333;63465.909311006;56016.841308756;64019.19492987;71513.377455323;66952.922697379;77935.951570302;74318.195358596;57157.00785989;66698.799457971;65896.71472101;61363.591837421;64696.41571329;68442.350966078;69800.760194272;86955.801339312;73085.00994714;54064.377057746;57911.713699207;65668.199584693;69570.770166693;72031.513672494;77329.977789155;82499.878854333;77462.039949585;66835.889219829;81480.512353217;70899.305270712;79711.073077954;81099.000285335;75923.076812126;66173.779759228;74471.045647127;84227.110731975;84072.290681385;70537.287798071;65128.525659809;80725.804397675
446.30197501729;62490.115989952;68535.844016465;76388.006766349;69233.786577282;55120.446508959;66386.584308166;80859.630206494;61443.677067926;62391.585800331;74271.060358534;73752.444981748;64519.111470266;76859.188205837;43292.030311032;56939.341689357;66885.201107075;71214.874961731;70046.084726795;84740.662034739;61720.810493747;68040.212234283;46691.263002337;64765.082758644;64530.172784702;92667.213295482;82158.52341477;73595.902851153;74957.655929744;60816.132498654;44444.784388522;38863.338336041;72447.481177997;54707.212846531;72995.482977554;64760.892787091;65912.836235624;51046.960282865;53841.950828382;47161.421853484;56518.034086313;49060.549781224;57928.366076205;64978.024171659;88205.623490381;78521.679622436;72834.123816411;67252.997709549;53755.032081833;51510.865555272;56714.705034875;66889.669373824;69106.759794921;67346.711470517;57740.548538774;57504.51886379;62934.48689868;57534.47961989;52884.192618671;78060.42426783;69458.288032458;92410.345879031;88636.775528407;65900.455884963;49770.526704636;53159.095963777;54267.765513467;54242.365579453;79328.196932472;70646.479718314;72004.877364395;66260.886664342;52425.488373755;58470.453717822;60830.649054401;48661.247651065;73883.278547707;71049.880112778;74546.663140821;89670.845598346;78574.609643633;80681.700500008;59801.327504567;65699.493501293;59777.280580414;51824.120316751;64397.912227141;58354.200474837;63743.447750363;50169.544193391;45305.407040941;76194.256169486;56170.697033641;54402.614555443;85500.910834298;80918.548566646;76353.799736266;87405.834828143;80303.668684294;80321.078528325;61077.87468177;57507.493016367;56785.899858487;76996.535263735;68364.783208159;68058.501377905;77463.282626849;61598.813540543;57812.518702411;84155.981416862;54245.998204842;56303.452716802;76574.882401008;79715.925511542;84377.922470292;94763.833210661;88881.634659747;99510.599752307;87027.842759508;72994.604908461;49505.98356474;37518.202311582;59445.157188702;78040.735510645;56637.055743921;57383.350177614;75462.447043017;83282.139449483;75485.407455229;75790.55093416;92897.954068482;72938.611297057;84946.381410643;96089.496050775;96036.355185414;83620.931584355;70580.079611905;57974.943454314;69251.840556381;73145.765468015;71412.078231178;61076.195466884;73564.349600063;68624.912638459;85257.561701041;96852.722275094;80632.927417054;95433.002117631;90829.360153891;89452.886453139;91902.309097562;80033.569162303;47952.71900591;63844.578669506;83939.349425765;76870.956307183;69710.713557592;72716.043592775;100518.10037499;88020.063250414;84611.596558753;103226.54003291;95941.797947838;99522.972580313;75893.361381953;69917.900640015;65789.850900545;41939.024362024;62094.615799636;75920.45964614;79981.345299533;88863.244726529;90510.054685848;96144.237915791;100492.06376411;79255.280331539;71898.899045569;97512.533847138;96993.426347122;74817.82761243;57938.848665179;62462.500618217;75455.763207337;84354.548842144;81544.178187407;79110.621989647;91043.414185393;96571.860072836;92881.275130798;93547.373109088;101079.64988937;94005.427399652;64593.030604018;62102.543657345;83944.462388814;94165.547404914;92334.184500138;79670.525864916;105645.54016275;85145.079054874;91919.984511187;106611.37331951;77200.282717348;73178.40408069;66589.214823343;69775.461930567;100680.96114411;102029.30370599;114742.69003511;96476.592655073;112860.92668822;81389.292097132;92873.691957768;91777.355521604;89433.214811664;52603.850363854;80022.318901309;77586.806757499;81798.4614434;97936.08171941;85832.520145119;80625.280690536;83358.190448065;92234.277649402;93959.542672777;82203.738573479;79391.691987139;83232.426003543;89958.738034138;87948.342590422;94902.223964906;82347.015584749;83004.514269608;96254.070136645;92311.123968857;64906.36097658;72495.73994434;90402.488680568;103096.23025309;97403.613411856;91873.278164831;86559.185989782;89760.60243183;95848.728108413;69448.752965527;65552.268604766;56133.417401048;98556.948669192;87943.802774016;98487.601401647;90421.194374325;81034.117715994;85014.558376021;99201.746786918;75732.833357695;57959.904116357;86429.552443968;81345.189611853;87447.340473044;91045.266557845;81218.490995484;88479.734888709;78583.100389336;84333.678346459;51533.744496785;100452.7727827;100647.62519114;95533.185517583;89886.808231389;79455.607543019;81917.972749709;107984.71349211;78079.793245313;48582.276607498;88175.487891683;89320.82518274;86788.016869372;75661.758651374;84220.154914492;84934.633130038;71628.992761153;61048.259211574;89705.004770081;85428.164136036;93672.135183305;91785.127894894;95469.763534161;69381.992904534;58591.827562574;66521.802998558;75684.402497877;56079.427588428;63880.929397574;61007.592733092
448.0023831724;104138.16985278;131794.01407175;109549.29405613;109072.96948973;156709.61448555;103178.44939915;79733.294047451;70275.428801743;101909.49824383;152184.5043457;111887.80940468;105944.39341785;95475.460655218;168693.67576421;96648.560319167;146524.21126368;143851.60392332;101495.18904148;73113.070834445;109108.39399598;110489.72946026;114798.80351957;123146.93592403;139090.55366824;84862.520615865;114769.13589273;108357.97126934;110807.18444496;130749.64315251;138977.27987193;128653.31620944;124211.16182153;138160.26359928;79146.266775184;98339.855287127;138524.7591157;114078.76213918;85092.508793192;119412.8535552;65908.649328855;52648.302895194;63701.646157669;97706.181144182;88451.114833234;67652.825797972;108216.45548561;135290.87268218;158704.61221617;124698.79138639;142322.30951757;88726.792325697;81420.076604201;99737.36070976;94777.199652958;77440.419591398;92871.432456328;136903.8878925;109287.68206039;129607.04821043;117601.68288813;99362.655983394;70107.009307328;151029.16452465;146629.48526126;155185.06571493;124136.69559605;110500.32561786;100752.21644855;94525.648954992;94353.549213113;107940.38641564;89945.968828748;66105.062841579;102435.05961647;95113.482951345;106246.2493131;100914.33461209;133643.46792363;90551.638577066;67348.186393381;144737.00007391;117318.81859105;119825.12317989;132642.76938139;146479.74817821;113007.16213124;92260.754183301;120368.9282659;88622.366277589;117156.91812248;97176.240803491;96337.970686905;71142.150453058;89485.810897201;73944.806040481;125660.74387829;74626.904296608;109072.81508297;110191.42336218;132909.40479337;127105.52778973;142053.74706572;142672.82705914;135427.35858451;102908.7658194;96896.095865647;118982.72272232;123075.95792547;75441.86298219;113657.73344118;95802.059756959;129826.29500502;99720.365391083;79134.641564128;94027.815246937;92345.19452818;120103.47824007;119413.62619075;199881.08721151;134780.20765771;162554.87395082;147786.6470774;68935.367430101;84165.356876851;69676.874306543;85125.690009118;93763.840422083;102100.80314851;82133.078552574;75898.349409046;55144.63359729;116188.96171694;107506.72194515;101115.24448326;119042.28161276;97946.949472419;139871.47955226;114926.19123021;93452.887818417;71452.799065967;96689.390378723;97297.129954941;88567.02041357;67187.609194445;70462.390537872;94928.851045643;142845.82564676;88041.653812054;115561.98168443;93144.116654327;151933.24618318;149922.42719563;176142.38889947;122209.73899581;112642.14970057;73565.205691806;88733.788609791;66715.286830889;96807.970864236;87422.618830129;104679.35230128;108722.56356986;134052.96890743;85168.540494875;104601.30456511;170582.95089888;162844.3474621;119273.05815884;112204.28895977;82273.95505532;88924.600037795;104223.70021082;90687.703958258;104903.21043925;99595.731023647;110338.52742832;112601.16227129;90395.359337119;143851.53879638;143473.8387742;125254.18468588;85544.321936096;66568.103968755;68840.963105537;91647.211004046;79844.160619289;98277.613024771;85141.835370413;102392.41890393;98408.239050956;105450.12329821;167706.39765777;159067.36439059;93704.879480325;94100.292667461;96183.726933847;86405.824026877;123901.76958954;96137.069313014;106803.4842869;117768.31682756;123005.21955659;143830.4684412;119501.05110475;100498.5720382;100167.24281731;85440.934075711;91220.155531908;129011.21877621;141533.70662085;100860.25086831;125771.0949197;98230.82658348;122824.91964498;159340.79999936;121568.52990494;125575.39435698;92691.21420929;80439.08453432;117199.96771488;110899.19624019;139695.36354902;110447.59709744;130867.85692399;138010.96575459;108816.78695836;106375.63994741;81579.171843863;141010.95067754;95431.317837203;85900.985842887;68708.490888233;83363.833751533;126507.27734752;130248.43596385;138793.023174;69374.622067803;76005.809663705;129324.76341307;95984.166832419;113034.63194372;83486.654249227;106131.61808082;70877.783423218;128611.01695196;145808.67699906;68612.346941919;101496.08799791;118057.58938779;94607.76947439;86719.841468697;129272.71068812;114143.38521755;115551.04841031;191309.57868456;77504.549259015;107259.54997895;132261.26395156;95598.124445332;89976.179320465;131818.26013637;102681.09596468;153301.29787367;195249.50886995;90922.224639737;140171.56172532;57358.497760342;76131.265740899;120553.02415209;103598.83087173;71789.897829362;94034.21497907;160970.33470924;93799.794630237;94949.703290305;101998.76734233;100158.29709058;95283.734471869;79212.858265108;109704.86493509;100010.67289616;63346.310555343;93678.416602291;81565.569227816;94663.809561178;117348.97814412;84317.768655118;111593.9106834;82279.692719436;115636.46647848;71996.824958582;125277.25850909;111180.04622265
462.29703254276;112984.39254669;107554.90252216;132693.78958597;106867.14131859;123143.22141934;117841.86984787;98057.282779071;111518.8893077;106547.45033088;125745.50395284;122355.39785953;115870.02087255;101395.6676978;121078.12353572;157215.3537838;104632.47044028;112961.70566805;108524.94764194;116550.96054252;120487.12121601;156594.69481713;116849.77183484;136227.35805382;144131.47905755;137359.84370133;136902.88019278;104903.78431208;115820.77907538;127917.60875841;102906.08031831;106049.38637373;135280.46226747;108516.46905443;114980.07737835;121908.11117524;113557.56008517;125050.28791017;127519.61379764;98823.43160644;93025.476650342;113978.14089975;110230.95093719;131447.04554339;124732.34047448;132711.34486768;155514.82523645;116217.22195885;112086.00178866;107555.83319365;103031.78038828;114053.81834346;128221.8816651;109343.09970379;138012.27004074;127143.79847366;77924.252813306;126369.11392768;114916.4951496;104958.97499772;114670.84207358;132408.52156447;132748.87450641;102833.47417136;120778.21860871;115210.81289003;115836.47742783;120719.9863435;146623.36490612;118277.20291461;113501.85390842;132212.19196343;131238.67716252;89103.223900256;97346.151770414;110385.14866773;118106.43773748;106531.85197323;124547.10074685;103510.78774642;130026.10600988;123129.7322444;96887.421756271;152979.4132669;146164.45535117;89409.259670763;117245.73084765;135319.98131427;110788.24658932;108956.44926152;116951.49979731;129490.47055515;112078.78169684;104856.56449713;124432.94095215;119094.90261167;107765.81977439;123784.44504737;124733.66271829;112022.06960152;122796.66804491;110845.32385749;143703.02273952;135082.75911406;107142.79274852;116732.67612162;122026.25568342;116460.94433617;143650.701402;133325.8952927;118243.31699182;115816.86357837;125181.67084652;123527.43369999;129121.94409576;126316.58023056;128190.66136641;154270.16389487;122682.35213286;140997.01330972;102850.42865619;96862.999231917;96051.797046747;106292.80368431;114486.84199663;117109.54974161;128556.99467141;132924.73839103;132389.49859313;114059.31941095;141709.90364484;121334.48302953;110633.84701009;130312.12849345;130305.38249947;133219.12242842;138741.38510178;124485.05345626;90773.056217907;123361.58140762;97121.589617618;100094.40585154;132702.38082874;111352.61759116;104225.37300232;113919.06358799;86860.504833274;126800.80047673;138039.62043451;122561.6438322;143080.20034646;128858.48416025;105038.43652098;101944.99992318;109755.51729547;127089.92293059;115148.09250583;130424.8420566;93690.425719622;96372.477961495;102504.04201801;137458.86461205;130786.12773815;153997.41970415;120714.72403408;109995.19733599;119512.78280589;93957.686667095;93690.579125983;110471.73715356;116814.879014;104606.6966442;110992.1522578;123048.95730684;136171.41375366;123566.50774787;127879.37701845;125417.56996193;125605.17513165;113722.10767012;123494.17164148;91197.53898194;125891.94140278;114494.25505224;105137.85060482;115785.68628976;121494.53637011;144888.78783493;112738.16201047;137921.63701782;146633.67440308;142272.43905181;113095.74216148;118479.4224544;124985.12585335;116132.20436311;109402.58709479;124988.82602715;125926.64306943;117075.9689584;130325.50652031;150899.92085822;124863.40609163;149904.44071023;100678.55267172;121289.0891889;114499.32777952;125019.65275765;139386.1164329;124965.05255439;139732.72393459;121211.02853055;138841.50481509;109381.49431999;121769.29579281;118757.02385623;133213.35804214;93261.28541283;116641.51154108;126825.27966967;126021.93424597;135043.71572459;148159.098071;124955.95062042;152622.41721335;135320.25677376;111119.81517346;114876.69209526;97674.896255745;138128.32548513;116194.86819277;120371.36291164;106775.91581996;139214.5037227;132251.78276349;119264.98876587;133880.51795553;117566.8721898;125791.7245349;125534.74918595;117672.42799488;115553.14722359;101942.09930278;131306.257537;104710.52443;141982.08691554;108005.36522634;110954.11344383;113419.43171144;127418.67343568;110576.79665992;111024.34904399;137214.74117554;136917.29751821;132255.056229;100899.45681308;100643.94730395;105319.61155387;103973.90329272;116431.73239499;128248.21820105;112125.75117178;126904.3671443;114554.58244181;78452.597831927;112736.47207662;119346.95359851;106531.23836938;124294.44627197;129427.91298858;120477.98908663;130000.25398887;105687.10213557;93797.698346536;87996.671392964;106122.09903918;115893.66831759;125603.54044059;119769.23462797;116765.42069476;125695.58691864;97434.062395444;110827.79608362;98941.769000272;110279.59538663;97151.292301971;135322.66059652;125096.90779442;117809.60212532;115585.71125747;139547.78839154;97710.672444316;110283.09125741;109294.55701975
463.22338769006;139021.18816533;162188.0986966;153733.90372683;128083.8373116;109053.49393718;159115.05948162;144048.87336671;128048.91015394;56037.095589013;114138.3412619;172870.30294079;143530.36418671;154779.57303811;50159.612487648;72284.10720837;118896.49492785;147808.28539509;126265.37948178;147684.49921127;155298.89558471;179311.84578441;145457.19563523;167729.82837861;140899.96213614;152175.72065069;97251.102617152;81421.905239799;102765.09274365;88368.75798785;58067.08942105;47091.588128843;82559.657940067;123200.3955875;156771.54522297;159813.94901574;165919.4522933;163100.79031253;157857.57644893;124968.79142325;117459.6966109;112238.35308531;115279.99856035;145041.50009223;119720.19124595;128608.83379919;134384.99933482;69179.512534099;55363.993223924;67920.95455111;106830.49951034;157152.51848049;135323.88824158;139236.4201314;207809.29756807;177180.59073408;123271.8129194;161128.70854016;157812.01743061;150371.89750907;113394.97242223;108431.02440504;138968.34992089;130698.65049371;87241.932492158;61993.629989843;85391.388091012;108664.12619841;169929.13962283;123460.50331134;126892.02451465;230212.34484146;202419.76292853;163135.2698772;151582.58007763;163633.78121079;186800.29766475;134828.57763453;140844.78139474;116981.28372305;138040.60264768;146109.41532895;72616.209905479;74204.201424949;75238.24889347;89283.535193497;146497.50669394;164131.6874583;140132.79534138;185601.40800688;183563.52430053;202795.47152254;161342.4100829;173883.3218708;164714.37368646;179462.05001049;123893.85088122;125260.39149911;144432.62139072;129191.8420907;119303.77162827;77006.980124191;89716.569427088;131436.87065915;140739.9624096;162786.9113374;156387.02848223;202436.04364249;185561.70463969;197277.39663606;174292.47893994;192065.30831015;177605.65671781;155585.02691666;145833.84537377;157747.74152088;148141.09593356;158740.34344927;116135.26232424;119829.68892031;80761.702136612;73935.239923196;103716.99371991;111778.43262362;130912.86693297;158726.9017491;141508.79109826;188394.9801083;145361.55999913;111970.73730415;138112.86681592;123472.97256673;146973.08995762;129236.58088411;147717.92395209;129367.0013575;101529.58517103;94283.697314592;91250.327138327;135578.43779129;138758.08965529;163010.52893454;171650.75239809;140505.61899652;124456.95885028;123895.54029198;122152.31271783;132368.8998527;148529.75783217;148628.37932843;158079.81128774;153041.79523247;82751.17012103;91214.691260641;158039.07647806;179914.51316617;132266.91856344;138111.13198493;138270.56982879;104458.95353812;110846.57726486;169623.08196383;147420.18827223;180301.08894669;154023.64433653;147616.42635713;94411.035480961;78829.924093876;122456.28850675;190931.65513823;132475.90817183;112263.12130347;117916.33931565;138365.44207345;169661.01335683;169277.4874716;165817.72397585;147156.3270776;139512.9642456;145543.76357677;83677.364202309;122006.79210573;180216.71101937;111306.98508706;122119.49103914;133915.46453388;137592.14787086;180984.95484069;180644.6698195;191217.01025771;174263.51336384;181369.05419157;117771.20492951;129943.02031734;181167.66674733;138792.78069887;126286.23416813;146153.98766204;168804.92014431;161330.49985339;154123.3953115;191129.86676869;148956.97702733;151325.94809722;104493.3022136;173664.85830619;125302.19398409;151793.03150061;163497.44747309;153620.29056039;191662.37291236;161205.06644839;174357.71514128;166576.14630213;183604.65356697;102611.46414051;179712.90245296;123863.05557066;141843.48879352;157043.65340743;170023.50234474;174037.35680084;174535.55324314;177672.40848213;197544.602449;139867.34182401;171050.60059991;131776.52472526;126575.00928406;151428.09426061;156638.42452847;165946.81583086;156932.47463812;181644.24728699;171232.80927342;144919.48044464;130593.10533626;147255.03636648;163542.89310985;139860.70589967;162607.1361301;156958.45299212;148663.21522683;191723.55246358;145362.0404051;172336.9576028;100713.58384633;146891.17588534;127332.13649631;149982.71459728;130219.30938195;161120.65719998;186830.92296293;180075.14970963;165113.73857191;88168.76240842;108288.47516658;127741.36989684;116418.16543767;180044.25905251;159715.29730766;179067.91776635;172561.50215565;135730.76437015;83042.65322567;126311.27457751;113012.96826915;142664.8963509;138032.68783447;164196.74711797;147852.91770308;170209.30441556;167670.91645297;122386.51577851;113172.73577035;124050.53267798;123009.89277627;140341.12475077;175873.62021163;168506.6487667;156983.09357537;143444.80276794;117739.59831166;125968.38396569;127936.66062529;143619.09641558;156796.22535667;179373.02835817;174790.42188956;177396.74209468;180418.80026342;158310.31312432;163270.75056266;180013.54552817
464.31255691419;62595.843120061;62355.713233009;73528.399208111;55270.893935539;63921.305662305;79518.259287768;65790.144946326;66267.496461793;47355.242391115;63896.658519504;69227.124930637;64141.414347847;67029.406459213;44034.591819248;85437.606320767;69125.865078052;78736.532189506;54648.665760781;63088.861060331;67003.496901565;68958.814367968;57008.400145778;92119.982085478;82747.653610107;83476.109556245;56047.84970991;69388.533479737;63245.463093407;66479.521809822;49431.825208846;41281.597361334;52434.807030991;53719.08141458;69019.836550502;61986.863284332;76659.65298073;53913.62580614;48037.630313594;50751.592396839;65684.550734176;50307.483317942;63422.231125853;65651.16659707;72167.682044519;66580.639877448;87013.193414444;65366.4991261;54565.36941264;68042.3836481;75847.931527414;66125.608018613;62001.90009895;65987.035869;71644.014520614;71283.103785058;46790.619652709;82863.125590418;54845.677208229;65323.489312296;54243.384707993;65155.575685575;81651.964389603;74878.030255333;75080.821512728;64592.506541862;56978.384824822;53760.463119419;84460.190328029;61153.134691854;58802.492339038;66445.519508635;68696.743439737;63749.479276829;52350.17759084;54597.017534507;73968.75913825;75737.131634792;81357.462626926;68024.721337864;84174.11185891;77448.102888956;57430.222722088;65735.998220403;54973.351206972;47829.586693629;69910.225978039;74592.332028505;61678.080393412;73630.933754412;61000.02564289;80485.819665668;66820.056051101;64718.00572122;79779.780469531;75070.542873831;79806.545163383;78435.225918778;76911.262764633;83714.267897264;65155.037989318;69234.572812788;62321.702884238;82998.895358312;61044.137261544;72326.475993568;61526.954555671;75248.326771246;68681.220237005;84842.370349986;58455.891859887;73983.134538992;76099.76593791;83457.821516997;84712.947418182;91848.372019735;95312.036613583;88531.125726006;88934.645483109;95078.980788145;60638.306623862;45519.262217898;61472.147746289;62905.470197813;57151.990173789;79422.857154599;73984.110147243;93127.653852034;84015.791624049;67212.870376694;84449.083897741;89395.576289517;94049.983619335;83990.599711848;107417.27232557;89731.810822785;64901.225626346;63681.036050739;59021.02772253;68582.765903736;64961.89719842;64556.476547472;74224.650754861;74740.181027574;65453.427699596;82503.441925692;70203.109355803;102267.53903635;93391.366254351;112859.50722057;103617.82253077;80583.003826614;61818.333417075;51927.072329731;94843.246933871;73972.023696808;70166.972901998;80980.022121273;80677.553713771;88050.68586657;73321.961130707;103365.78752438;98346.933141304;128780.54340617;81107.249007295;79169.010227424;60127.067861491;44546.517898632;55371.999853486;87417.716171326;78344.399823466;75163.473029014;63231.484467289;104278.57646851;87606.067926204;91006.64271705;101141.89988294;108186.78149433;95962.28422941;86691.68962895;67651.198761123;61800.571157888;87307.29015798;77000.692842995;82437.968514345;71840.647644066;90680.673928152;111987.42978491;90798.879582551;104005.87973843;102855.0934021;99266.584900913;75176.098024754;75116.642715576;85406.805339735;91601.760482783;81624.901640312;112835.75714259;88272.979730119;94446.474887757;95326.351976325;112826.25154769;98476.313730138;80976.00433281;66957.29799139;79902.393739045;80319.149343812;99750.364517996;102845.24160679;97794.618266347;113376.38975868;94034.097677883;104407.18550329;100526.75930782;86581.686582857;70362.85451981;78305.383321634;71197.902818332;77839.464299993;93671.29174322;99813.79893355;93991.944444047;113196.80355581;112921.24285555;123400.59409599;100479.92051561;80475.996109761;89661.239276931;85407.318348028;91840.464462577;89536.654448819;98205.696228029;90315.74221283;96755.645446527;103809.88731936;84820.916613841;73920.393379223;85167.148854389;77678.376473634;99099.320783083;111814.83908695;88676.051890366;87348.278016262;94114.913706209;101598.60830839;85729.993928027;53984.285644321;92111.660282303;85650.681725178;93258.003440398;79546.416699846;76645.355826623;97890.507712972;93243.75179568;114383.47812974;67402.948121252;78171.416807016;86433.676935865;81195.257576955;87467.568826322;94241.566851054;109366.56227622;96052.511308056;86627.19418115;53793.326621756;80148.448339681;86177.804280581;81539.598592659;74081.040537881;97968.288232891;93795.615421593;114049.87214645;82744.990737544;84179.059666517;77261.733098649;66035.846210634;97475.791837224;90974.520244335;101387.16586929;84848.625517064;86867.917931525;67780.937599615;89122.948946036;73262.122424865;92010.967473422;82558.656721541;91120.500961524;88184.06535694;79719.540535439;82758.513216708;71397.059765909;68085.704404393;68524.371947361;78377.927774464
480.30741761883;122619.94416158;130171.51204184;151924.79280242;113200.19459143;116162.82793818;141517.19169345;105633.97469958;112192.59821699;109202.70714338;111259.19709523;159302.93845046;132114.50292994;109429.66281431;109751.63172429;143790.34434575;120560.63694608;135035.3617834;129946.99021412;129077.7217648;150351.34331598;184291.01207518;137827.22867884;148781.9006814;157219.15606264;131709.80129979;128140.55265373;95188.28496537;110921.16070394;121773.88095367;106419.83609715;109982.32318013;145822.54144631;115183.45372104;139895.71287134;133662.58513152;141210.0858233;132576.91984001;137395.17275966;121827.60009363;114390.42778264;115761.8726018;106955.4419963;134130.02305597;129325.35199356;128714.60424884;144158.23040173;131721.47311342;110578.98159255;118882.14801734;115497.36939473;139807.51528742;122655.7416115;123180.07776798;185500.5054299;149352.68798692;113600.94530466;145332.66749641;124799.23142449;121971.06534327;129585.13467521;132401.2474819;135488.05137611;131344.45369277;131312.1996929;131093.59942609;147038.00191303;115332.88631341;163706.83593488;135720.12489252;122542.40538561;182015.55945419;164611.05310326;139189.68171337;143347.82938198;136541.18626454;123145.8151936;134758.36517518;150994.12960822;131628.24115431;146520.93501739;139178.46167915;120507.43062003;164055.21448592;169977.68317349;101024.34547293;133466.73690841;157419.81098688;139674.0776486;151574.89550977;158613.12074005;158574.69284216;139961.10608651;125164.9784361;133311.14127378;152817.25823136;133795.22263389;134732.50506607;139320.65822931;132015.70132022;130740.72028256;111595.72553769;145827.40008787;138205.49310245;136113.64384071;140176.79043216;152118.44133654;189613.87404851;190414.10059378;149337.95564599;150620.83993203;151091.86487816;151367.17295673;133890.9780699;143704.85664831;151154.7804351;138659.59376115;151545.92303421;133513.10133074;165960.70284948;141495.99453114;106242.11710262;107386.80413644;125636.25412147;124899.05332702;164111.62745877;132157.89396917;142402.26389887;140662.14414202;117144.37955965;126515.45945052;131429.35505053;143117.10126685;143719.89165031;149063.3408893;143202.57109209;140625.42443933;123842.59063773;120552.38169867;140342.86177439;119158.43628864;132521.17632926;159504.53845762;123393.45447074;108477.71295701;135007.72400069;115628.57884667;154702.64374132;153020.45323268;143913.09075356;166195.44189796;164190.6231102;117124.50889733;114419.43009486;168245.9743276;163084.97677836;130422.88987479;140432.26739488;122873.98027972;112590.63925712;145819.31175144;160930.10398687;164174.3312259;193266.19555871;159877.45332514;134474.34840175;130410.1393029;102746.4971309;120802.07095817;155695.43598179;122470.91514389;126317.53188141;130554.56881915;144075.31574708;158049.01199713;170917.66298922;172586.00307325;166507.47031914;148971.01284214;156345.14435558;129796.84948589;124358.92824441;149832.67194645;123592.76820211;119028.23188839;140388.12251869;140699.76363519;164973.76605615;150327.05800276;180433.05609086;175143.69620424;174804.58694413;133431.14616773;136444.50047688;143359.07910497;128584.79909177;147307.52564486;143668.79647346;168181.57150507;163089.10072188;155978.0597233;196974.7074372;141263.6255526;161859.72033932;117583.86251114;152921.65135541;122341.16306422;139300.54054487;163494.05134555;142179.20698323;173003.2901636;157638.92862568;172918.84639373;169527.00814836;153730.59809327;133748.82590585;154843.16912191;110638.49991116;139684.15837924;150867.04724644;176266.1785058;139684.37601499;183834.648371;176900.09776376;170475.82005685;144345.62069204;152729.41685756;131395.4779131;135958.53712542;147125.73044993;162110.35997659;170752.20257519;152735.50958012;171642.74640295;171867.86530686;145268.0053581;136348.70296972;137145.86115867;143504.16817111;151554.67111541;159642.22042217;139164.31010969;153530.21491796;170796.52296364;165715.39391903;154262.13949939;110121.06537324;152010.89026527;145598.67250647;153900.91203287;119338.10512521;149819.70613589;151547.59389063;163969.54327903;159668.69650315;117842.92407321;121057.4560669;114554.29269107;124310.04984953;155388.92543357;148597.54480232;164872.06231374;146671.53370675;136023.74602671;90884.815480019;134808.10935143;135261.50542776;144881.4989508;172902.53856297;162915.92003779;149699.32309445;160520.2130427;139831.6776148;110754.19076356;107556.15294049;118415.92700828;137485.86079853;140049.13744316;154659.07721823;164465.85445301;144084.67232958;129161.39175085;143655.51385276;130765.11533471;135519.83752248;139546.59742092;168235.25984926;162445.71072874;147706.57105131;163781.7905796;151915.92888111;128615.75258467;144157.50992389;154689.34682438
540.05093404628;781838.19023296;647432.42938941;603730.49428988;846846.01919928;936119.39193556;661202.70024826;704410.59266428;578420.48072989;750964.10749268;837272.62918174;576350.04262317;714142.76812373;771962.67182388;1379929.9740328;607333.85595938;885618.46868299;668121.57623303;624124.82839242;582594.15267379;665811.5138733;592538.01211876;625679.39718035;408163.54087522;416384.81814875;377281.5428345;552015.9497786;662258.37759867;948584.27140588;1080277.5769727;1187001.4752094;1322860.9926631;1034562.2903085;892022.73651817;479946.41378497;641793.18864467;1057955.8272161;619158.298669;512583.67839795;445308.97078043;277700.84250288;223461.71063816;327376.7846427;475297.79466552;566555.33225728;464715.73818764;753252.9954257;1516421.4451032;1708171.5173211;1136188.2241947;960897.52621581;592805.21220518;546844.00906229;689676.54909625;558798.77891227;466978.36482523;328800.19276469;282424.65055883;226127.12638221;342579.44434957;419207.39942322;380881.60494654;303923.24144417;823904.04477435;1174273.6094943;1390507.6386652;999527.72360633;835411.57810045;761190.19919227;595074.49352178;770010.44464245;417847.94464038;542627.91731724;504670.28178005;435595.47193188;216962.64876021;226882.7250991;267486.28170637;466290.35998375;323097.67037793;280750.7953985;634859.86475548;836345.92935032;807674.58351712;831631.29755203;1041313.6991114;655701.96267378;529531.10739807;858707.02594669;565727.26147809;505777.91202117;497050.65774253;540321.7036788;243498.45379024;229791.29527683;273563.41603501;348006.68089966;346105.03982687;436078.80309305;583032.17269568;720116.13742206;1105985.6487384;1109665.7691884;704608.97442015;697940.21697684;603946.04014925;773754.40980595;455569.34984785;496722.18459938;392581.48383544;528123.82829749;317144.52127278;327093.15508648;295352.41124756;234827.28785258;305628.24441383;465587.69944113;611970.64101309;551576.77262108;1255169.808794;1067936.5313243;1054027.3381549;743756.45090432;558864.98120335;594701.18523223;393812.66506671;459247.99038871;330439.05442437;287183.35312507;263852.47153088;154994.75534364;326180.42870973;461984.85543722;594312.45073427;466654.35396387;563514.98581993;797344.84406383;789759.26379877;604983.89799461;562430.75171966;550912.27012349;482181.05397617;378269.14794093;319153.81872;323066.66213693;394667.1226974;432360.8587041;469036.5805923;487183.1057859;581672.0433935;390856.72090828;802455.97727129;1163082.8219657;869216.1883388;788581.65000089;685682.19339945;319041.23151726;337004.50322905;347253.37969659;446038.2715964;386357.79925419;473589.1734597;454110.14213664;560495.44733438;388966.64571061;630609.01101809;908677.33325386;1000314.7359973;847853.54379501;755345.10269224;381364.97368065;464312.96015341;539829.91921919;436494.84071068;461897.66529243;453205.00101814;450004.40738404;557409.89201411;514118.6199618;684663.45100302;785737.17480851;644399.4401093;735822.69860961;367651.83544386;412153.66866982;553515.5119997;425459.12120952;515844.23450795;430886.5017274;583074.13801332;483810.37348606;500849.10350362;815283.10889338;802474.80552591;753430.89165492;498495.21767315;584162.89286345;442091.23857567;592786.31540767;492269.92874784;486521.51182306;569780.56521142;522871.05573409;714306.41973651;670699.55490109;698194.5282513;520236.20478299;513556.36067904;434256.20609648;560713.77487276;639560.86332782;515716.26921517;596766.74181816;580702.04188029;722076.52242829;892190.73942378;631787.7826199;765720.03936905;564557.5465821;592714.57457799;620656.05600743;496371.93807841;500476.27349327;635966.819314;829976.16393051;739941.84713275;640461.70062312;702238.33705983;581511.02612433;720971.42483339;505777.76443164;484237.19974103;457961.95412271;472633.04167194;741973.35293267;905911.59225476;840260.27059199;460630.08977174;408563.69592721;716758.27287934;563254.31711599;648867.27836227;552035.34261953;675077.12039851;596140.61911577;750630.38306061;1217269.5056691;598816.34939929;645018.31196848;681949.63884034;695144.29785578;594493.32940129;796150.80863479;591637.43213496;732733.83822766;1315511.2134374;678286.81348041;611384.96262044;737746.41808222;718468.54093075;675113.61694498;721226.66234986;724768.2928838;1135372.3840675;1335861.6050517;678139.23258899;827335.40305334;444667.54398735;508968.14570005;678928.12428147;582165.52956827;609018.26079654;653319.76069598;1120276.073089;606347.37008035;593656.64710022;569069.27772769;651341.84560396;689215.85941364;759512.30691683;858988.98566017;910704.32225859;561684.46321739;662570.27985112;770209.67351705;712259.26429599;826723.10335625;845275.46137257;977964.63923513;978449.25729297;819915.68893242;743365.65995827;1057434.7398861;968072.13247592
581.30624722012;68329.725660619;78209.493264179;78206.6256477;57738.278689717;93192.822305383;93749.916682072;69815.804253293;69910.283205204;71312.833142945;95093.38193722;86796.51014374;65526.145878097;56914.618064548;70860.509542267;84175.762016145;102770.72542693;91460.84814555;73338.688435692;64070.832463292;105568.10521513;97353.025647486;85350.205211133;88788.887509559;76679.698987495;90909.177723649;67954.633890237;67995.626836342;74144.658312876;74030.53714952;66904.464882542;71733.130492205;85293.910681666;74231.819698117;93347.496524728;60657.822401105;80548.486575552;91716.951597852;87403.470041604;72650.018616429;75814.959077659;58685.916558615;62359.722233752;65054.580699517;73584.616228924;63069.280752456;73625.917741345;64924.201425161;71057.764211646;87030.425014588;95687.732603238;94438.279551493;76311.815125938;60830.421440199;113928.06644427;92003.386826491;78403.518847642;86000.874858126;53238.330391005;62251.607209554;50452.914180299;65534.819237097;64823.779393846;88709.574249174;73495.13094909;73064.04130567;79908.321462699;82014.471613935;79018.63946167;69294.558175216;71772.97149271;79976.835135547;87413.799280615;80458.041499171;68266.806351211;62555.077667628;73727.909604866;92150.560363995;74404.55012112;74332.088522183;65956.417390895;91424.57576151;100032.03650856;81660.672662213;99982.573809891;85350.920247519;99177.071542651;77716.13885462;68200.518450644;100378.10930071;92100.306579412;91901.804294514;96779.254397322;73268.594951942;81887.188315726;91971.155973218;62519.704302241;85009.302117851;73410.307625474;75304.258408839;112870.77329498;87503.824477517;107999.07189912;109259.53115725;90651.255764213;66028.201814362;87955.493117814;85818.89339008;75244.367503293;90834.872070501;81701.159253021;92189.072223153;61013.565511675;83194.147623699;69650.569916628;78921.486988409;63369.467947875;89272.539999702;93077.92427841;120456.23573029;81789.937275296;99756.809025443;75686.106393788;75082.805207912;62418.945705134;98197.270690001;81755.168455557;77145.363810044;84788.058538243;78298.544476219;72583.790259717;59907.422562295;63663.951857682;65702.917063259;106621.51175438;70114.286388936;102872.82068122;92898.007487747;81843.585443857;60672.104593576;74295.122960895;90307.042799249;69101.386187082;57947.930141443;54770.042929865;54673.03524045;60274.893449749;67895.910661116;86638.355018062;73868.381859832;75582.156308231;114908.98535517;106636.46726581;93469.87138867;89026.533649666;69520.918086967;75477.238000661;71028.897868932;66972.41740189;58333.122215209;51124.866240809;69215.584388693;92453.290716785;90354.552035686;80398.358082713;91054.924671958;100786.26843933;110794.12964832;78434.378467049;72561.697706286;55333.030103429;72249.232472815;59390.27128648;77557.542875397;63271.926951467;71025.363464694;72352.257780021;79350.532105544;87758.465643959;108868.11003016;105883.59127765;89016.50282711;96336.56444262;65308.089530152;47182.938311896;53487.036586999;64714.615462075;71867.167910844;69532.7869572;81445.823680274;81191.09858529;93088.75656691;77199.566186175;87260.077781321;81316.4060434;43891.30684811;65264.61312872;73171.107413193;71581.850293966;81982.335773453;68057.384696443;97136.736324071;69055.15657972;117958.89601323;104896.62544889;83753.282434805;57595.698033827;66685.739578891;53886.514871326;61058.648262916;96953.556261967;108026.47635481;83732.735178477;108452.33874063;100038.11870731;97996.723555437;90091.208209772;58967.351046402;63551.297583645;67548.648036799;84171.929799242;80982.610588003;85395.483402471;99676.155314561;111229.34633233;105604.63114744;89532.644294203;76267.977794164;74154.854041765;55011.74333187;71604.487102684;81213.733680586;86415.564251699;94319.885915341;81749.814665617;77315.568530074;79132.435613984;72782.297216134;56274.569397006;74837.189058527;95674.291432717;71983.240565099;83351.535447507;115473.44001685;89351.770013123;109215.90781189;90761.639104701;75095.980025334;48747.505254209;57165.421121506;81105.97294228;103771.10076852;75155.162363643;79066.567419586;81652.279204465;84922.10775707;72718.529827345;54578.358432508;60357.2604484;90417.858201786;93357.346261398;75170.180982562;81995.576278179;97684.853104406;75755.208081251;71642.945516237;65117.15758919;78412.368636497;70117.255720183;77509.115927538;89163.383940844;83642.519638502;87931.118414653;99550.146076137;56248.797820702;58518.653728793;80796.630550939;102052.11690429;65890.104591567;83154.738458944;74209.969560947;81371.828128134;53303.765947542;80350.351668162;84296.904627354;81155.175525871;65173.581779133;87702.389139025;94429.647860123;94853.732488541;88670.571247647;83709.904747815;94745.584864434;100372.39864767
599.31630945122;51747.46489944;66719.001729112;61425.545783739;50511.855932013;59642.052057539;57627.362385978;53582.020175927;40631.289277428;49584.488720692;62082.644196494;66082.768692114;64981.844611316;51682.513195789;57863.886911789;68697.940296709;72580.383704409;77710.410394607;65919.513345083;72952.115168752;90295.529241862;93329.517488565;93522.889937099;94489.775842144;86313.368428182;52912.11247828;62300.202844191;55691.011709857;52115.558935092;68489.932574054;54668.179105315;60106.666552176;71185.923620556;70448.546262488;80727.522869877;55337.138237519;70817.2041102;83200.596860546;68339.752456856;80064.158102452;54127.4970637;67866.766439859;68532.022863321;71426.478848216;68823.596703377;57136.716687914;56265.075738817;77590.838887402;65170.745553518;79518.571053039;85817.650688811;75509.504136402;60630.579168;43500.317947535;90950.571579127;76051.644508788;58933.342888163;61081.058712633;62048.456266475;74059.746115995;60285.1365666;59074.774288879;44779.463340906;54003.251705407;66633.006340704;81536.101946241;76190.747863506;55689.550384089;92124.639390193;47424.852553403;64870.643222819;75034.399362526;65863.339601516;62407.108361076;79149.405228822;68011.682220754;59160.30205155;79570.21130168;75864.273481176;54901.182207893;57739.114868299;70095.433741588;60425.612621161;58707.899351083;80427.559173807;68940.709263347;77687.101982091;61886.872737216;58800.717148748;89475.621554424;75604.519641565;82656.73786793;72898.360841482;63449.794779199;67407.484630966;95970.349801799;71153.611775967;68902.121958464;65430.979871992;69336.516266965;75075.476087557;77649.954324189;75604.567287034;92078.812049987;56024.589018705;72677.278958455;53791.540254358;75395.356119463;85089.825602114;75245.430853199;75640.812325684;71691.074267544;93083.159396065;77206.463709145;86095.86297667;58210.243966726;63568.383896289;60933.076870985;74494.885481046;92069.324067702;75814.369736303;75103.692379217;55972.948143921;35876.704986241;49030.090111171;58813.090737034;67104.933943762;65121.541244137;71916.117136311;48801.422378123;53400.914823267;48677.866840514;82689.994616192;65514.445894016;74924.392664641;65367.257466673;75632.419865489;70011.487298437;54595.590950276;60891.956597535;53770.855548771;77915.249914462;62960.776716312;60799.140044897;59407.625094395;66284.10153162;56735.77970101;80124.868252134;82922.167552509;75073.249427053;75992.318805953;96169.808327837;92026.043139342;94837.047594526;82920.878616277;63606.532049881;58474.864115807;64908.087971093;47265.898560863;51292.693248253;47933.098169345;64714.460035954;82136.45837741;77455.932194174;69509.817708219;64838.975021399;82425.762966456;51059.124584212;60739.850963954;62970.633746913;49807.228897795;46465.486885021;47379.099315925;70312.324949091;59832.685057001;76961.224300057;66702.73679466;81087.776070077;64280.264302179;88528.559276255;64003.200583994;83734.444077506;68708.355358391;43927.632781119;70128.816406598;65943.755007116;72066.512616088;76363.240500401;76983.224937418;80676.838013411;71084.711276779;90750.48913344;86193.910988025;66904.06022444;72411.945584294;53333.221384874;61097.712538281;82108.370223886;74572.976502256;58767.501025849;57484.552941939;82034.660650998;63503.551880117;82450.188140814;81330.270193077;64359.854361633;46012.975978807;63944.593525011;56991.69687254;72160.241911703;79211.021753874;84174.915824171;78542.809026182;65952.780101984;75303.354837621;86297.915515378;73716.365771534;51164.757996755;57269.018620498;59184.000679275;65540.283659718;77762.173285566;75927.986018753;69066.08952401;74876.149284717;91756.016580748;80380.20415612;54775.982355212;54172.758100846;60009.953702377;78891.576556206;78033.020158514;77810.325577201;59106.572327373;94696.861991863;71024.161448558;87240.112175587;51902.907716964;45420.531650029;55981.484360104;80012.707359141;62514.557463709;71293.332885223;78499.842103067;54264.737773543;65970.357990988;75490.738559965;56696.742459136;62336.656609702;51824.287015399;77035.740889802;74954.181193249;87208.301429626;71296.724287054;71726.144439191;74104.566109372;51861.610921373;48057.11705042;78334.587040189;72194.520474209;83999.148191857;65775.218907697;68099.691089743;65106.238967837;66946.191724524;56307.777777566;49443.162213211;59409.910278437;60555.452953272;71813.616053845;73974.642879624;58215.693805861;70456.649115793;69280.8369202;39588.692121799;51365.114877335;46569.491563871;55220.808599467;68315.570467785;69990.844864692;83334.389770648;58186.225782555;55351.879295544;64411.407634436;45617.444730469;44464.66410661;56587.056397405;69862.285503934;85348.167250697;74072.353961769;56901.907562222;54716.974171987;78050.129365534;76527.180109156
673.47631008852;172286.53640374;146051.72589684;172126.77457213;120059.20576733;192309.71352007;168108.38176506;164233.68470588;113031.53058962;204785.34782246;184153.16571999;141342.29719848;131474.13660809;163802.12799028;175458.85566119;246362.39947795;160571.46086096;179254.25096043;144654.42023925;165207.8136132;211098.38028837;231520.396966;189596.22272134;199971.54153364;172444.33389378;195743.0084753;154250.19683248;106390.7962729;130372.90188102;158269.75728342;170199.05135085;175664.56147549;239471.10522534;186255.80285352;164839.54247647;132432.98585549;143353.46229948;209093.55124078;169388.54355464;170215.12807019;198055.538492;174514.071862;186712.17199743;161227.11258279;159784.25235587;154280.56306806;172482.38979568;210089.01249936;235245.43912158;225497.76603692;247607.3977202;194903.0629749;156701.26287457;154248.19616817;231675.53152292;175751.53801541;178666.49736958;174320.82568528;150429.80156914;178329.80861811;181813.45092975;149281.43393707;110912.44251589;170116.77785781;213335.61627044;235907.28999897;293458.67402694;204467.32121575;208769.16298458;141102.14611525;126343.05329415;213582.70800721;230821.16289348;189364.51872781;188200.88820997;203025.04871432;224595.64703363;209684.71175212;157077.64207053;106531.74995283;142289.87009425;136631.74302729;173266.10755118;232539.03075525;298889.17930296;210699.19479598;190229.94843739;133888.22622014;155098.61995774;244082.82784631;205280.87359313;188456.76508874;197908.60254218;216787.55135995;225039.20370118;230437.83509451;136586.09430868;128108.81492006;174581.35341307;118637.51833974;175563.39684855;279576.85758534;256459.75513937;311033.9328057;177444.03747551;187432.47811215;228079.51896314;249928.83049779;234352.80814467;205327.10450628;196381.70958568;232461.31252417;187524.95249033;171811.25972296;139478.04986234;130972.29113263;138215.1098257;155266.32367192;110424.13693196;225331.52259521;194716.91653955;236805.03888193;169815.41506151;142199.08669942;130113.63530533;188594.98541682;175366.68887471;164632.79842445;153056.31016257;167298.6273237;126399.46685182;174118.71520945;152833.37390174;145187.37906208;178058.61685833;169263.5431809;223733.97790148;262407.78790541;169861.59014925;130991.85286437;153322.20587552;201955.83671049;160690.8032816;167839.52523462;137214.26058171;150658.22361199;133546.07213343;166807.84054523;220364.30570047;124474.92709972;163643.14033207;192865.2940843;235420.00154826;220892.58712099;214576.34458977;157192.06779141;183811.99057943;180193.75736588;150844.9085622;132740.5584517;145129.36951389;237224.63774287;209632.22018282;181503.94860465;198879.43741366;182562.46630305;233967.66307419;239475.17890629;175080.92647334;174673.35895273;137344.95490141;147579.83144;138191.52942826;149263.01064878;167345.17317613;155952.35191367;136938.72530933;148885.38326645;202044.6267027;182006.51454045;231551.97453381;175761.24201059;229597.44075549;141030.73164533;145936.43910236;180045.83735764;149568.97254395;204364.65548166;173030.4145757;179232.77073241;176413.15287137;169025.80767334;202785.09520874;167690.3296552;166562.09082222;142901.98104725;144046.4995263;171183.23067028;155512.54366966;121238.47627897;176200.84623567;156993.31651599;126092.71208563;229407.71447892;229364.15053615;173487.73582653;134271.3600439;142348.97283334;133406.4414689;138742.09756034;161651.13692547;190443.18910987;162006.73961967;160709.12326032;177154.94307996;171965.47540956;178435.9786409;135574.98636946;151979.36621537;193063.24429155;128966.45603382;182824.93048584;145322.99105483;167524.11998639;200367.97687555;181530.86236762;177920.54092835;116300.20420558;142694.06229856;135186.68971132;157075.65589193;177097.28881541;168223.5490343;205865.94980789;178392.44787295;186709.69055974;200016.91703189;126627.85581001;154625.79116352;156711.97843237;155631.20156664;161067.74597845;127213.40585983;223478.56972093;186728.67642346;232014.81909813;185014.42060149;144506.74309166;142596.66122552;145251.93568669;177063.92353047;196041.63131296;177650.97890861;167378.41794033;221848.01710167;197018.74650685;167085.56679892;124899.99785388;139212.3329483;173671.1496621;163571.34051395;139365.50533563;160409.96240174;229489.0481623;174311.69992315;123711.8289916;135867.53102941;169953.51408889;138187.10448806;179436.34436278;215516.12430223;225657.62874936;212357.84324492;235605.42410868;139204.19258912;121644.49092346;123450.61097639;184111.89331717;188698.13744821;205936.00923783;208804.92998372;199930.16746332;151169.42878932;118123.64225833;135945.40548837;145262.54379104;151903.67622644;197851.2214578;198534.84706598;231539.22055377;201396.94766717;176705.37636255;234338.70715644;195953.24663434
699.49158242695;193408.85763;130012.48372699;161620.40259452;130438.63204604;213597.63834388;182989.47454147;195439.10415707;170475.80658713;216755.22741958;221402.010646;137888.135815;144225.4461521;203072.67437875;204752.31731705;271731.79933229;235073.09575208;179875.13864592;134796.34540798;215337.19277603;221484.51422213;238036.45333154;252778.29558936;280470.85640605;248875.67403571;210896.57854104;166187.93862363;124066.79510593;161857.62048081;194230.67163725;191740.5580465;206298.91411967;300356.53196085;231784.68968659;146608.02767344;140890.46633241;194713.78173587;256969.45304453;262425.90357349;207265.63037726;220850.07345487;218079.83265874;239778.59337408;224875.10282143;173709.55656243;175650.27217709;243075.33457725;229301.26130104;202948.04427144;237348.97902602;316656.57703242;210715.45833931;134796.50525292;146471.73095227;336490.46067556;254084.67507639;216059.27621225;307628.66843294;252409.2010389;249882.44003867;176925.49739812;161589.91051595;131423.12701579;274908.45398485;248122.37511197;277040.60086311;253523.37666145;285648.22155285;183963.89375302;121988.35739053;158757.84827791;271614.66565538;298034.67302095;272433.68584869;207597.88383278;297245.32944695;290023.48279881;218354.41678239;205495.93341387;121652.02077443;169363.51852169;213019.16069908;239607.89801776;246961.18683861;277583.06393194;292489.12755999;236487.72634853;187898.09780741;230298.68649068;296786.1213762;260344.18963772;218642.25762161;256324.26434718;312671.72573624;263833.75896457;273983.72826139;149842.38299378;113454.30865472;177744.14596426;126144.64570201;270231.26332505;258179.08370194;321017.47680222;361888.2444942;223338.10973186;189411.8627011;214500.14751349;300149.97064959;301676.00738963;240689.16150034;224495.51637811;272760.42143887;284508.55307459;253658.68119694;161478.02144049;135659.38807376;156671.03558921;177496.26509557;159529.7903946;308676.6469255;242649.43787905;263394.23053879;193267.30309672;130104.83349497;138153.39600911;256279.23806382;212990.60896495;239342.24446544;185686.90346372;189977.92682503;125478.43191893;255552.40646091;158934.54363695;144195.55589685;153143.37078276;234068.70026146;320190.19573102;290312.21897232;262917.98158322;161702.49744146;201522.6301209;213525.18913329;239314.56061025;187412.81614458;187651.397707;199505.64352579;166733.14125994;159971.56214563;198764.19245763;154574.67668569;160637.36591033;293171.57479145;276938.5385463;343726.36337741;255305.98963229;246973.01838369;252380.36450619;214351.89897209;159766.4514055;134467.03343846;148486.68786557;224433.32991967;236220.97837659;208830.74928035;183752.16539782;214806.62424001;350866.53774997;324379.15067879;191364.89578002;223476.04102665;184382.68454794;179034.09304078;140823.97771704;163768.93151641;200027.82313415;174947.70536252;170491.56435734;179444.38186427;197213.93337048;222929.02918579;300739.04226424;203073.64008081;256826.02474622;142240.66544185;171635.72047039;218073.50411623;208854.71265289;274953.48034843;188178.74562651;232004.19494411;205543.60095666;212907.27458281;292723.70073933;209083.95960552;243396.86008828;140935.06268977;138190.70056518;195464.0802155;176909.56368954;192020.81635807;207027.81491912;221999.53714403;160980.86228761;298814.98003713;312986.42657412;224208.47672833;111228.36227391;148334.27552732;134724.22385762;157438.1455837;219557.50043397;201454.74757575;201638.78252135;200924.36757061;213027.36534843;381309.49514263;236059.11927353;119126.31073239;157255.68595445;180256.36165202;177798.18656743;244578.14141363;223609.68922936;226080.11332003;238678.59543075;361829.84044802;264285.29521269;127171.40187052;141446.98679869;179852.93699741;165023.38189318;204120.92809441;192990.96969721;231876.87844719;217644.32241633;269369.48136944;304387.573954;176704.49611854;145188.37067589;154750.38348814;152714.55492543;202792.87476273;173095.4557567;253923.15074495;223365.78890106;259734.71158393;312067.32451184;184784.40764547;124311.21882788;127942.32787681;244810.51446396;235730.55739083;235046.44348326;222289.7303343;294743.26285851;315047.92006241;190650.40509617;115771.5425718;121306.8570444;215930.70726466;226785.46924374;195457.54102774;209804.48396609;353916.62602172;297428.83658495;133421.49836239;145310.31713029;194400.37562111;115257.99936113;188129.33171756;220319.4430256;222199.26092461;262052.08519732;359284.53685985;115398.37525435;106020.38824564;146371.25664008;217710.65377715;197148.47726374;246974.63910366;242679.33059415;295237.67606579;160387.08223584;123428.54963995;152680.81109639;137528.90191167;226387.12401181;264005.54609273;265896.22579895;284495.7140657;203564.89879485;217740.83659141;285151.08888597;291305.65833966
701.50703748656;249675.02180697;153461.83769493;184275.4239927;150090.98805993;313427.07282269;243284.2077454;248548.43182385;249528.64112062;424038.26250883;339648.32698279;167203.43658037;182228.11994258;253492.7659681;351139.49848325;398371.24310315;322869.32028358;211603.75155184;212396.87937749;251016.62600098;233664.3712592;282548.18518282;366125.30307192;322821.07510451;311288.73795736;271630.22982655;293594.90774641;283422.31786279;311376.27290768;318673.92665422;358922.00837344;314756.49772226;445151.01027904;234004.28349946;204111.36123154;150097.85625995;188419.6902015;255974.28185474;295165.63220937;236932.47690002;307066.40106345;360823.93230796;352005.21936476;356490.08708384;407821.69713903;367306.29163314;400412.86113786;415322.57776127;283397.58253754;354540.85367789;377823.7773681;250951.83891039;185265.63205386;179535.7809547;267765.90619512;274495.65015626;233076.87068305;273468.50759572;241195.17048412;275986.8530551;247201.06989935;285009.80888666;210761.94731665;341616.76108786;367701.06441376;354695.97599381;366276.61528977;311609.51024539;251957.87658251;193135.26229878;205713.89480967;213510.13199052;218216.22842121;237382.09869862;239719.00952435;257546.92350223;273392.87380402;231086.1025394;233194.0050789;191178.52059904;230200.26304205;232462.25599468;317722.87373831;292575.43764737;323607.22943902;302124.26158274;250393.34430935;169377.36544324;220998.65618598;228606.42001369;215714.62956144;199988.68786618;226983.65133297;290693.81321637;246843.2874806;254865.33339294;178256.52068256;193262.04665521;243328.5004489;157211.08603389;310667.52047727;390871.67491771;379186.71554045;409473.11385994;236725.77227653;212786.1139506;230099.24088066;217995.91710019;199411.93609481;228556.60264996;212942.54442025;222234.74633844;222779.09251787;233706.16809805;197347.35159727;158105.58585134;161360.95618184;216121.79440819;187085.19184684;410577.99955489;351670.03776651;334091.08985391;224414.98352606;212529.33231068;186610.65038397;211240.08796501;185212.43843159;187664.67067938;185900.5785438;225902.18901955;152076.8491419;276765.66014823;199437.84741399;183129.23061314;216417.57110423;235341.70561396;369964.86841787;356641.37351202;256828.77053314;209659.51268578;224721.6490959;187231.479566;194254.55872672;183999.99186988;228884.61618644;235337.39494075;191214.55680499;203653.22209091;219181.67556102;181741.78755801;193959.28295588;312993.47811719;377877.25002582;379749.4394766;249752.74270175;176013.75696623;200930.0956422;237837.13163741;196323.2570038;200025.89375639;193860.20612482;233878.26370638;219765.97269135;223473.8212608;229820.1051155;220721.78646468;360097.83210336;397360.42251441;238429.45390478;168184.98329205;207120.37667339;195583.15904957;202990.65772791;214307.33635371;203360.67220034;187623.59890443;177988.07176331;184483.01407807;242836.9589867;241011.30908614;361530.52221762;228950.42292561;223586.01372574;236620.11769945;222023.21484905;263771.61821012;276280.77215354;237177.08597126;185400.74592091;196266.62488964;236854.95027945;227151.89548647;315904.18847087;279872.12922926;185551.30604894;191836.98317879;182982.97120702;259630.10283625;199570.77616365;192180.69042472;181159.37296758;198433.59841189;165699.70288371;302783.77440717;317812.12247929;202414.93180168;173658.87308818;195384.75541156;175029.81926613;186113.54086677;212985.96216661;160428.08627746;156902.74398969;181553.90243537;203434.35559538;371296.11407517;217982.86456031;186219.18481442;228060.75666976;223504.33352403;164481.83062095;238052.65880193;210379.90458213;191853.21595225;215907.92605147;299410.68823253;228506.76419324;176291.47803102;186272.18475967;183111.89255279;202631.71012587;218485.53054019;166495.24440956;210441.86150218;215982.04253926;216317.25617667;306421.57927437;231411.73805363;226049.21690013;178997.1783479;181942.76356607;220042.36113367;153925.75379807;221227.55411288;195717.05276111;220409.09909583;339956.77843376;270693.05808693;164621.37133733;158430.83663781;217698.95481789;218896.29085462;179701.65721092;181544.28043769;239738.52247124;343256.01732876;275573.1660572;159211.44238563;167573.33479146;228792.75089999;193909.24214524;171227.34840776;188200.9434883;276290.86198964;306434.15563471;226400.45314555;189146.75920318;239516.52558786;149207.46942545;176669.95278957;222812.1962357;251025.71823193;233258.65834765;337350.70586583;191036.92733758;124168.8673714;175639.4780209;247390.79371613;188057.33891553;182591.70980089;157488.35746437;214824.29750974;261152.51240825;186639.3005962;205777.09629284;178493.99110964;209192.40004042;205844.06385109;199105.04840661;189845.91872014;214893.74595279;158335.81075688;163144.01723156;160440.9784308
715.57010147876;21002.967680762;36098.731685027;30940.333972737;26086.020628482;36367.473560794;22629.250649155;18525.931684896;0;47499.410847524;35036.479835587;40982.403426579;26825.219116327;0;106831.45445432;130858.51736601;48391.605047529;33902.089662585;26136.087785591;17206.628115096;21690.157107204;36836.50368993;12643.673398545;18243.744436862;28506.026174547;23365.975901016;37289.94547999;13303.017164796;19583.388187416;42401.748345218;97572.481903067;128488.04193675;115703.35118922;23206.016231303;32172.465941971;26410.419943849;28736.334478254;27574.608639631;21717.584364928;35065.29404773;0;18061.448967146;27593.008001054;21774.271073624;22161.912689294;0;42114.020878719;85743.833225299;151362.21035763;86806.634489684;26962.164930068;24678.278828721;28031.288362962;17385.212861808;19724.040849027;24638.926388954;20754.367653865;34236.932048705;17932.114979131;27322.124629213;29718.704075873;32990.278616409;23449.209505181;27832.966425619;69450.880889233;162179.11123293;98635.601342398;29963.965975574;31591.33140422;24643.388574039;25153.859213049;24014.425374881;0;0;17038.50758711;30209.625296562;21109.007161881;23245.880184918;35758.826729514;18500.543439754;30286.606967336;27870.738986099;53123.548490384;130528.86132491;158851.32023063;49158.582868734;28187.232097913;32173.486903507;16774.244628509;25886.432586246;0;26177.40768478;18567.424496248;36966.880862117;25537.028357935;38532.584426203;20600.032090765;30383.187838529;24549.331634278;32480.98910317;37978.388687181;77806.944996563;140364.11131003;96116.29297367;43116.884656614;38605.889775222;43975.45528167;27712.223564481;24704.231738138;0;26902.638251982;0;30562.942125181;35291.291267493;26089.790385419;26315.964339915;27283.275326073;40013.578631811;45666.69936462;83710.187865087;75106.254287208;58186.125077239;52914.901023147;19814.270931252;26634.059651473;30690.251934488;14139.807552958;24820.398749574;38469.115342821;32462.43227892;24950.933647109;31385.75318691;30708.140323285;46780.094855597;30423.477844338;33524.14331612;77660.062565808;60111.258702414;29019.903798216;26103.416375584;31764.68187062;26502.665642749;34797.259824481;24195.547788891;16413.138038004;24166.517290545;40714.488532229;51747.36261645;40365.673334894;43958.481445173;36357.650306291;40785.55256957;88939.855749867;32211.716946125;34433.017973243;31000.300632052;0;28443.164289161;28578.602646849;25720.744056789;38195.169014493;41965.77322855;45981.489086742;43767.609629212;51926.411644986;34046.329869307;52277.613265674;46934.655131578;31970.812295892;21945.938945713;19278.607117984;37487.512286491;22856.214930511;20969.398008603;42306.474896757;32422.680282784;41574.763421257;38412.660532994;35089.441769115;51208.317398715;76443.588523084;31758.991110387;27872.062312292;47592.548684659;23169.632325056;41736.988977508;26077.105003521;36138.741543463;31491.938435732;37696.179326312;27116.505224557;42914.873111854;45275.796982432;31547.13983691;27801.566094216;26679.911384686;34355.413390888;24880.631579023;22796.52905309;30723.241744446;25634.69850633;21441.931985267;39968.519924294;46765.479956609;34588.441330057;29786.377899621;15653.799385531;35568.617591354;29967.500165988;28553.934339527;22968.334294946;35077.7331888;43354.004823617;34552.175396212;37718.267411267;33349.015760201;22252.178777256;19995.800042047;25648.996597633;19742.994215138;36088.821523363;0;37745.781454395;34477.027642383;45853.877764476;44882.64695897;52722.955397729;30235.142852113;0;23880.412435542;22969.802096665;36853.78071708;40771.509159338;36237.675734328;57844.056503833;39855.666655907;53828.358227164;21868.02111729;16587.349491457;37384.508926953;34277.2613914;17916.419632917;35532.726266696;39669.432792266;29484.511239274;35885.135626657;32287.278075364;29722.820577467;32710.903504207;18819.708109467;31727.653180152;13807.123254752;32261.394977965;37572.122444538;44358.080610544;59009.458130081;24742.825037274;22798.297118044;31222.018625746;18195.807033328;28634.99239303;34251.84182749;25761.615304772;38148.942925435;32490.437419836;30556.927342199;28740.354608367;26291.438187999;14696.110832509;31919.890950834;26358.705531823;33119.343899099;26845.100538413;35739.197323613;13445.158503364;27007.489825333;26354.104970046;0;20545.319752629;30794.582451568;31096.618362165;39936.243569809;27965.828241022;20195.235128321;19393.428375289;23435.326571986;22283.809854803;29130.533287721;24338.855933788;22926.616349524;18381.197166708;24924.230091362;32497.85122932;32347.59710133
718.53327632238;32354.703217795;19476.15579067;37100.236925811;21818.811645126;35273.494175676;45846.823406579;0;0;52625.787786322;55019.441902775;26928.755150347;30656.590146819;24316.338015954;69303.671355575;115967.54797651;24944.372229785;39537.443461661;39837.637245792;0;44480.444476072;41801.916602286;30908.498086276;14472.685443079;36099.019792771;14438.72231048;36918.75514115;13955.48586372;21093.086883833;31437.402772975;68052.78911314;101147.80077701;97892.269683797;19877.750420111;47311.839731741;25545.705182259;23633.023303967;40044.931068669;16498.032464254;32636.208049792;0;0;0;37708.784261047;0;18677.916488537;38344.297508858;71152.016860603;71379.602109213;74464.037485017;39994.590749336;17338.053480158;16484.537134609;21337.592547102;16690.50781053;20731.678453768;27624.081469859;27363.060901414;15455.101229256;30422.373288417;29134.142455406;21881.828868191;19418.399191681;25447.347604083;45632.409591575;100880.04259816;72733.115507504;34074.920626207;31078.070350951;26294.54166386;24728.230655032;17964.350670193;36706.392399235;23716.097977215;28349.191426235;24195.900575999;39433.043548913;23281.58265767;18942.723041797;25073.413380088;21121.592430043;18625.894860109;42428.422201846;109183.30443183;122492.09806871;37946.879785482;30485.608102362;26831.01025671;27622.501003829;31925.992513087;9579.7366549636;21666.799317369;40291.115971989;18898.063575609;26046.068588216;15260.020204315;24023.002903031;20560.862306494;22677.063338064;18658.695393915;20565.072006227;50514.045762553;90545.699847434;96826.435850353;19858.307864502;37194.332073689;34226.978574407;44573.484535735;38032.351519823;24781.710334411;30722.584756074;38609.164787423;32352.912573739;30840.04557455;32460.10715638;15302.200035928;28666.407128568;23506.916633438;27162.558061503;47483.29515543;45617.469390139;60648.826194354;27862.059601929;0;32523.759909294;0;0;18560.242687651;21400.10460103;19453.739960394;23061.961992897;33311.310286886;19922.734922305;43727.457557829;26627.322897391;23964.965700593;44680.236111314;70875.68306069;25224.212024454;28689.296280158;22918.367307458;27184.556321804;37594.640596023;16991.957535066;27729.177798744;19986.323077881;26109.887366158;33754.171366279;32168.01849857;31452.816769025;31333.652183261;36760.248352293;32397.169996588;52557.025786053;42136.596169076;24456.407659236;16550.937152246;33748.19104853;32654.983013695;21102.139898576;21554.257465366;29632.039067334;26364.003502236;34279.248990014;32123.712712864;22823.678710236;41668.220387462;41114.478882077;27229.503293225;22392.25928589;0;24007.586326623;0;24986.058346059;24597.834803246;28332.290448574;23965.82167847;28082.116701763;36521.156362614;33853.185577553;51664.598755848;22170.965195506;35273.40804302;25333.753683216;0;15116.702122976;15480.709009848;25991.372424934;21188.629673408;38890.157947599;32679.583839396;44947.714906968;32981.479790793;32900.468408245;31590.481617004;17323.170513708;29340.686923812;7046.0729725291;12345.717733238;20188.896374686;0;19696.594728244;27892.942064358;34351.356919942;38267.044666642;37871.230012355;13278.299866647;22690.282881157;30318.415656962;34971.604208816;13564.350137507;24286.688228657;0;28118.920624318;29001.407206012;31151.513022911;25477.311978795;25067.351374673;21747.018290629;31412.486416259;24866.845666815;23226.465356187;39729.611741672;20777.557058914;26926.759433577;32390.442097164;27689.043062597;41039.930344523;18847.7609369;15311.251269245;28497.5513643;0;26125.45173018;29897.096445372;34890.004277;24453.63225604;37045.188784367;12098.788853902;0;27298.640484509;16722.979992083;21108.727076627;0;28345.498467582;26855.016293173;27280.980443899;21068.989694377;17744.592135678;20947.130429161;21322.448129961;19985.460346178;14478.640205108;20580.026648248;23440.6717082;38870.885860384;24216.730539169;29068.578831599;18730.198671494;15834.14759138;26377.29359375;17653.349750031;13793.263736199;0;24660.775674806;21042.770776278;9826.2120581822;11572.727321776;35521.833933974;24427.011903993;42080.604906868;42587.649791969;32125.987896714;23784.632987386;23279.303068126;14140.640395172;0;23538.138208149;0;21720.480141277;0;18389.000972956;17793.502448336;0;30153.575197569;24042.070865271;16584.912823061;17752.253076499;31276.209867001;31162.795741011;37416.702041641;22020.337497716;25600.0332192;32791.902573263;38189.645521542
744.54832268304;44949.714805881;80542.840315676;92924.671137637;76583.663490218;90103.894806853;66192.563262505;52687.770869606;52615.35236323;156461.84245329;85575.230968092;75964.441038021;69453.297710141;83115.919464052;214322.80079707;220862.1660981;76522.571863079;91262.421537471;73790.760156928;88015.352425449;87546.769783535;85673.489552193;88995.949358537;63898.692802299;89679.82310611;59477.797714857;84664.574675175;50990.177538531;58736.349310994;98414.858295948;172881.64763109;211358.54486296;222579.87326886;70580.061007434;68834.711119595;82706.244709719;65659.550501259;87442.662346321;71887.332257289;75050.043661056;71710.498467539;97708.334831889;71173.038019251;91431.132432766;63312.103882549;84462.947548049;82566.921518148;155295.70717097;225818.53685158;190973.26149162;118502.4109632;61181.212933372;65087.246023798;53436.410948084;110891.26892584;52040.737026911;73660.691796041;78907.330219107;76952.197002692;64075.321080335;72772.919151582;74156.655199098;65672.109986934;95538.58969283;140793.67325081;288463.69591956;218080.48011263;70781.343235102;95581.008821467;84643.610125724;65045.168799199;90027.943260185;69306.745990376;89362.335468906;75438.627506216;85848.598609702;90708.772072559;61736.380298709;84353.435333849;61981.279479268;63236.784453355;98001.0349186;78131.091529885;217196.64856139;242291.02740893;103297.01853676;112692.55289574;90096.245886473;103405.66404978;75630.16239585;81044.273906105;51648.754580519;97988.408094363;81482.320263832;76835.766879388;59965.109965089;60493.963051939;62970.344475291;74008.229140722;56980.308940563;86763.103617843;185694.9056703;246549.32093603;212678.45132552;80907.221664232;94417.261310761;106103.43757514;109667.65888566;91235.568437625;84941.26199414;61539.744702229;72782.843377618;90124.090251383;81064.44488655;94654.345678512;69214.19693607;74463.139411033;86918.487246783;73618.66711614;137456.43510152;155958.05119002;126051.0803357;110156.56180544;42521.628433393;52507.050189469;74024.128341082;57230.546867365;85693.184613058;76075.926314403;80225.03497907;72744.119865596;101625.41344876;77408.97709457;81450.778433006;65533.848119505;95793.051923396;114483.65831523;132384.28565779;101108.21762993;94254.025517934;78249.65671712;58272.701454521;92090.939428532;55322.240842212;57380.653882721;88589.952220238;49371.445930147;86932.929219476;72378.241082341;90293.038815467;102787.77801245;110856.36069795;152453.61314467;136558.79917441;128392.47422959;117265.39751632;67336.768997937;72843.57508601;61766.068181985;53930.360647383;64029.480817097;112685.71793972;93767.739169036;122266.47243386;67317.584249239;99578.908738492;127127.44811796;151138.74103331;93129.734845091;82443.725503191;42165.704904594;57424.850878664;65127.212752698;82507.626596151;101545.76798607;89018.982626135;105344.9743264;97521.824845846;94583.884314439;124042.78442376;153874.74360028;106415.13799931;94762.323421606;66217.54673226;51469.371979163;105240.14814066;71963.183681715;81198.869059794;78052.335216312;125447.94417355;118002.99922248;110749.54310395;119810.85541047;96116.441277821;98899.198608185;51862.567268015;58361.074189351;73632.331380192;99158.719289167;88821.371501928;94874.950173444;115353.78477;85347.748711641;135709.25719856;111042.48897154;107198.48473391;41922.693243023;48097.435213874;67453.113996354;76441.267109786;106264.65053397;62964.707298188;95903.720999284;120676.30322065;97347.801442283;139800.89650349;118075.29794524;51460.08262245;80745.504760621;80706.878069433;83908.06954109;90417.140045821;102820.49871878;108841.36487503;113422.63655395;134275.00550594;115164.00558304;62654.751062163;53118.745751275;67380.887926642;79615.990689421;77904.906400571;66868.867188869;102305.87543463;111180.73205596;86622.773184355;121539.76114409;54023.418287017;61902.039559087;57674.130983368;63433.073754314;97906.2790775;75037.165526577;133781.56884278;77538.764397915;79788.311395594;117492.00277355;69583.748577323;46365.00915729;52976.152292127;68421.820246142;78956.330300677;106837.54283908;96863.832295272;130405.87245501;128770.03289322;53170.003966057;54097.190951764;65871.04118626;81624.025836331;78952.392179493;90650.300531167;74179.878223001;92099.430611988;117142.17039731;52234.497223461;66068.982458832;80328.40366516;53242.535969649;82005.765141026;89256.894823647;78152.652508045;89584.368599052;123115.56523583;54310.455690864;59927.319697952;77240.500484175;76264.408560115;90087.154086396;75040.569332291;109073.98331098;108301.06807779;57246.694358029;38671.663846921;42501.783026164;57573.113712637;73678.411147833;72073.661840901;75506.682202536;87811.394917592;90277.794352726;69164.263089652;75542.88383426;97388.970828508
745.55171402199;22386.996282844;31087.103526394;38160.258092505;41230.800651433;33448.619941683;44251.223714564;39799.019243493;21313.169681581;66601.799874392;43271.245207426;25239.758494444;32056.12496853;31686.812116958;81262.8780093;101579.07511165;43856.54738187;45543.142756307;33459.780357748;32807.098692977;23954.236139547;36348.950967302;46728.944620982;25434.195694891;31253.759506137;28966.179073879;44511.168196316;22484.793215554;34185.641217174;32685.773572036;70886.699491505;94446.454970758;104915.79508564;41632.103928434;35463.940088707;44855.620515114;23351.326457675;28439.518505388;38420.556252448;28644.710483709;32443.790008633;42291.728081923;27813.833972916;29725.643432075;43600.901060462;24586.966445646;29843.877137004;56720.365270579;81283.302635952;84130.271175045;58936.818948018;40281.923764269;35251.347805279;0;47135.655218744;41091.5556192;22577.518031344;43218.964230803;24106.716731642;39375.996614918;30073.471683161;23509.97335929;34234.241571971;49334.473296877;57352.568823776;136446.71704808;101244.4856899;32373.326355485;38010.011100664;32588.669091687;35476.980228284;23628.459596959;30450.45106279;62185.727087421;28924.187198974;40464.308761951;56690.146167415;32784.659629632;27619.252833462;29555.298142296;24951.707865609;36782.833177667;44455.25754616;101633.58963766;116327.9642512;49117.54473217;47709.506524353;27025.69204676;32491.010937337;36884.006063905;33926.243158949;34063.929836394;44011.868069613;24252.357098678;46424.116911431;26516.960284895;32961.385645833;22167.665982162;42483.0587622;38187.085918029;38766.477130373;83991.513478746;119897.47427632;78725.039787526;39332.139870064;48898.323773134;45276.873475432;60815.132362436;46035.256315233;21093.249173917;45062.75537072;48044.470656621;44633.112160314;28502.517096791;32244.851871464;37483.566917888;34215.079231044;45708.20426542;34659.595744403;57215.206097264;68533.652246484;47316.93887357;50691.998933804;13979.364120205;29382.766875875;31488.672247366;20734.483927788;31221.844378902;25151.409865918;33866.53958904;28404.416005158;57277.741515489;33210.379484346;44652.255582776;40042.155974674;46490.916423379;56849.498486905;87024.043804509;34042.338472259;56924.527409102;38947.861996263;34953.587275036;44036.463207313;27799.598928165;26838.686497538;30340.114284576;25053.546345407;29114.315308299;34996.344335331;27074.690082604;34412.897579707;48085.12519691;69501.805414015;72792.200902416;59307.900343222;54502.911582206;29964.522761243;32734.86418919;31359.868583106;23192.787302454;34625.501789349;35067.708349829;38039.524985814;45211.946941673;19364.02938214;44264.172596117;46315.700356501;72270.124633374;23143.321502082;39677.83953916;23132.102869184;23575.168470947;21033.082680419;46974.075969985;44497.230301357;35604.276960834;48719.565060196;45401.478692456;46574.373373099;47765.461439622;70081.082042924;58534.582561509;32392.906516867;23677.503381895;0;33848.942965103;37765.748438005;51651.303467904;31179.546513345;51151.097912114;40431.294633064;48279.237044081;46150.445927521;39587.62598471;30201.52902314;22666.668323967;29624.132045477;60409.181032582;41904.272804637;45798.339547662;43711.701194684;56870.460115435;45793.681217046;53782.684572808;55881.899840876;40781.69876996;31246.922564044;32434.36551877;27475.253739545;25987.242171513;35831.35177515;41349.113052968;33269.68575399;52918.678357175;40942.120313974;52664.348390899;41617.465084197;26807.146638426;43378.173396717;30805.62954227;39115.424821663;24765.458655453;33267.800683418;50158.127008254;40724.999593876;60996.251003266;50931.468431751;20989.629316158;38843.321061332;36732.361398857;43129.223040116;31971.793555659;23589.097169301;51473.923614393;65618.604997865;60933.103662593;54294.728072192;22004.51074815;34900.044532791;40249.28951997;23835.716574115;40378.106169415;31445.337773344;71176.612862526;38392.468116257;33554.869768099;37780.522661565;25984.708811935;19560.271441085;21054.037433;28010.936097876;34325.74319934;49443.793093909;47001.509720298;60154.1518378;65109.486411961;31930.037721647;23689.674552631;23578.4111871;34901.307547308;38258.726081653;29351.900184431;34968.52407809;41058.647089242;56538.293830797;23353.554910927;31831.752891663;28572.90518176;24892.610407007;47925.792308683;39218.479167518;40808.51704051;39971.152991306;58146.412448694;20980.427557645;26465.580375055;25918.937151152;33162.610765203;36563.599546137;27016.290699642;50972.406555607;52997.492943167;30470.241803459;36078.54267286;28849.987543379;31880.206245101;22404.664354163;29286.196403954;22860.541094236;26253.069905359;47276.020477385;39888.324241016;51157.383207659;34638.318180686
747.49081175667;829632.28290788;748602.43925966;911932.04549965;797677.83975763;799484.97649215;925080.81676763;777379.8955315;718778.29204039;539828.87620577;630221.09568677;764800.67663527;748157.17557613;919793.26136426;412192.2320618;481619.52124275;641819.20852677;867263.25219003;668531.49309792;1089856.1324261;1027231.1080633;1204112.18249;1058516.2161672;1126741.760575;1054451.7774427;1048835.9724172;646943.37433268;463359.57520864;664623.34665336;503164.41795784;454374.08101151;465167.21093394;703181.87049029;657664.33801528;799321.2941594;845991.58516923;985452.11093692;1216300.4674937;1357951.7633535;852395.48978486;1001141.4468496;991937.97508606;976827.56246995;1062710.543056;733791.95056104;830347.78123436;1007541.592995;686343.45760874;554278.75723019;698401.39673268;829890.26119569;942512.10154585;645378.26724482;680868.55952237;1715473.5400222;1304963.1280666;825991.77157934;1122844.3103444;1089150.2204568;1077883.0383136;938492.17862976;593282.80439731;589703.02961932;863753.12857431;815121.89115879;807548.00425598;700297.03588225;711831.67766274;868318.60210003;624748.52047014;618514.1968941;1456797.0123842;1417632.7940857;1395328.6998953;1023897.7292383;1064222.5992982;1172966.080233;836500.99723208;972924.7559764;574504.45741904;780944.60908896;908040.75819219;527161.86496597;528610.20039532;622493.50512057;536222.22002007;973651.95284648;897011.82524331;952454.70935973;1499092.2143707;1250966.6024806;1177488.3397939;1311673.9685696;1259237.85551;1201323.4453992;1231596.8557564;744785.29991696;529093.91659155;925968.24420053;762467.5587821;716964.66087668;744732.87488044;761821.27668354;710335.20761872;798630.48618659;958889.11209974;1173359.7688714;1445050.9450313;1112462.283099;1332954.6189773;1135215.6775627;1284279.1245498;1152494.8580186;1016897.565781;737122.98602796;767784.72797501;850676.1810292;926035.84559093;741862.31870489;956282.31846604;755355.52255059;429817.16346108;536373.29604989;471297.62164078;606672.41407527;1202330.4077631;915699.69664298;1114781.8090386;880109.68729109;816214.21682906;709461.00923964;908702.00363608;831510.07013393;728627.79286612;881392.97104209;919536.84423218;684405.90275385;591265.11130682;694075.75702414;668700.20920243;911000.80406639;983595.40988892;1191589.8515161;780346.09504802;671896.89078835;711871.14738061;780091.61253485;868608.21027127;848247.02548107;901592.31732199;908547.40152308;971730.23723891;720628.76237481;721112.49143375;1127037.6021622;1141240.6094752;951407.55537615;811764.15192009;624313.73168965;590203.81414736;779517.60535921;941761.81569881;1168116.5402779;1135971.3577506;917819.89953768;1041831.4231475;798182.31448034;591234.02136087;898986.05929692;1356846.7060131;744948.14150253;649283.11839097;585901.18829038;832148.2622929;1073267.4266901;1099103.8616941;975738.08870577;1019764.9187172;938225.71109229;1055690.5914252;582901.53509819;843944.52249837;1176896.1279024;625797.65827051;715579.10998342;1036450.9474783;1009537.7552617;1452446.1792284;1110002.7731918;1288253.6877729;1313883.4105562;1020393.0797323;746169.00542992;690373.80063391;1273540.3932488;579971.83331724;697773.00884753;1043281.9973391;1014329.1460761;1094993.8567552;1198542.3642908;1225305.8374057;886751.46440702;1151409.5336607;678368.8138062;1237044.1244463;476521.90753576;762141.55602842;757319.63059806;787123.24776246;1065060.846848;879804.75537759;1206755.2880278;1053329.4552801;1098042.8041375;851031.80184923;990181.86856751;637957.07219417;786442.08955033;829527.80562414;1025103.1264031;1100328.1697665;1117970.130286;1140924.6207189;1230383.9898643;1106711.1424077;977252.62582433;697610.98356753;651713.69815668;832021.37405538;999290.32490912;1090207.6068482;863473.07541527;1249445.3555073;1179011.0167756;1059675.4035534;959308.59886359;712502.4103172;691200.41308772;745525.64672991;730365.10654811;988710.95347975;882465.41929807;1434426.1200277;1111531.6462246;926631.17236363;800352.28429919;733617.77960991;659232.57892951;696431.12904825;1048831.3105859;986728.56095757;1161571.6208194;1132691.7577441;1237756.5598852;854098.2142453;698997.76041647;543644.31671499;564081.68965124;998079.06086623;1090368.2698507;1016130.2390555;1068258.075528;1124208.1916785;663329.69931984;597968.58102661;585223.49848719;930416.54941292;694122.36381234;972109.87021378;1205487.843222;1080864.6326531;1138165.3060514;905436.12851946;498531.91174361;525082.92043335;654112.39818547;1054601.6432875;1090919.9826548;1370026.870656;1261076.7284588;1270905.0048408;716620.31333502;605854.24996664;693546.28762132;793156.3758996;1161639.4079714;1146078.2453581;1069077.4995571;1307458.1154679;1373648.9288377;1120677.7139502;1302677.6628925;1478013.9016318
748.4931360991;377802.51386889;372800.53195222;448139.79398572;407254.88320941;374757.91766148;429429.74383434;344861.28639797;347004.70500986;244830.93648127;296273.98241573;371418.25751033;380022.31618346;440549.12375227;208035.81970649;213136.78312591;306167.97027688;433840.79000763;324731.12312086;481081.85385033;515677.82412477;568329.85685282;499410.7265518;538574.8309197;498734.33976939;486769.97325874;315548.01638822;244665.80160083;305111.5353489;247151.03509142;215421.57455566;216314.45712605;312677.11376934;302964.90856883;396825.44107802;454046.1093406;500475.5768869;563675.90531325;592575.26006731;413958.78895622;462550.67970691;439961.33505724;468025.76722347;509544.865728;359725.35928046;383789.28591509;491439.0055429;335524.97216278;266690.89451494;320107.35423605;415000.69500705;439157.58419063;304079.44639555;304628.90465177;788423.9433809;633586.27693191;372346.22655854;530846.20513233;505453.36950532;507677.5726744;427967.28627544;288700.29062731;319168.51868932;410868.11133734;374657.9042488;372646.15082856;340984.20971344;305772.88576077;437656.49075642;287751.97154215;261299.4959897;721407.77462363;647824.29444064;662188.71434937;471589.98260587;541462.90134447;580343.78632223;417617.62967887;466118.48500527;288134.03331876;380529.61256836;455234.49810769;257782.7324168;274649.84381495;313283.83755367;265434.27358289;462514.01401566;444286.44257619;488546.0702787;724057.199203;603120.05820766;552829.11811028;648967.94180299;584779.95804777;566077.07059645;581836.22661137;361021.5946045;264627.01477065;431193.59147383;372586.06943323;321163.65019703;333229.42165057;339703.11181077;317970.00029513;406132.45125708;435646.83008484;555301.16999413;675830.13169049;513439.78691026;641123.27487039;527628.11211571;585312.71763869;557625.17233884;478145.42452687;332890.81790178;377122.34164467;405644.60880191;434176.87445121;376530.24234272;486488.7948216;318760.56383191;205554.89702953;279144.86201016;216559.09364757;302959.2753916;529066.7798334;444845.92909582;544558.80582995;426257.72398318;387856.20961866;346867.06702182;433203.70967598;434532.21249478;370533.72612554;405331.82059669;411054.20103051;300732.38452498;284757.73506138;320690.8839015;324081.37275674;423497.54820355;462099.87527467;574464.05856806;399581.5496949;324593.34475184;383799.9558766;376931.60877454;391888.84191716;396430.58716417;436672.74121769;439657.28936287;451983.96217557;335708.81138213;312876.71548369;553687.78988962;540050.79945677;422772.53939084;402685.49309054;276936.64268578;268236.29920392;358925.57107455;443430.45607241;530377.47182169;561605.45362162;407530.15800501;514957.69731923;361714.41805946;274818.95209478;401170.929726;638050.09318487;355564.70060775;313804.42367497;271091.0590849;417911.93455694;509485.78565453;502767.30333772;462413.31722594;475289.63875922;472945.60222793;493021.72345614;282069.30008956;406918.92819703;591541.88320996;306359.02308602;327931.38096669;472747.17178227;414717.97388708;673770.19386567;542609.58409321;609547.86124858;587366.58223207;484239.02438889;324245.82829897;339916.85082866;575434.92434982;296227.30930967;362835.93064714;529116.74951004;490705.66461763;514421.36733168;572743.45476244;585947.53674433;415784.04516542;543446.33432119;323197.25883155;597677.82748494;256866.63411594;356021.7746205;366092.47363817;358140.8027386;540776.24885735;446185.72608013;618091.5329393;502447.60717765;501753.4986102;393773.88852445;499996.77377062;310965.14045182;412343.83313848;463129.89627499;499622.60825949;559968.49210401;549887.92150967;545953.50344191;576386.59268709;509092.22420109;486903.11943534;342008.22950671;326977.63339804;402495.35337875;460677.79975896;516880.59144883;428061.49904994;599374.73331681;553074.26425695;514174.83630575;440226.43652821;310168.31648556;364046.89969085;351906.06524856;355811.82277441;483821.33397906;416307.1129192;647212.36426246;521941.87624605;467837.54877271;404941.79847534;358721.03608493;307732.49019462;345265.87405607;474748.4862188;494288.85834113;589657.50043909;551800.08513571;586263.76289816;391635.01243602;328080.14205918;286962.64184319;289879.17654972;504050.40526212;515443.70229008;496400.97100578;514195.33094595;518528.25609634;346557.9827175;286664.44434514;293795.19954197;433234.14309214;338896.31817033;491722.41880846;549462.75592677;515765.41565318;528920.98097743;408208.80500388;252535.99600947;277998.47407457;296628.77774018;498226.13834696;502546.21788405;700003.37738461;575174.64030002;607397.01384747;356783.78632914;306671.98847608;334198.19218111;376706.41047535;566670.60737996;560937.35159747;538107.96967684;632504.15206642;644490.36157799;598507.79772631;576199.94679086;687703.76561784
766.53277074836;271689.17858474;319977.34173138;304203.91281446;321007.65876725;312345.08270704;280508.27387751;215576.94571961;229968.14634226;171728.27249826;246743.99767713;317889.26717837;302437.70659908;279643.5146016;214672.02461903;260240.35831221;273435.71500108;278727.37031649;257041.55343266;326123.99858038;402027.8688588;349666.59040105;241081.83422526;234697.98933496;288702.02131331;229802.86267236;235763.58703293;159277.08499848;232061.59482379;198979.16777097;192584.73274329;230332.92310446;264659.95718419;240265.34330161;311741.62706337;330140.86081923;350665.70004853;427099.8895139;331762.4559567;240660.84176136;238771.20872311;182661.25609849;249100.45856875;273266.26388286;272420.89026832;295736.3311181;324142.46596908;275889.40990818;261809.45497035;273985.75992001;206106.31605375;329677.68350492;258166.6168448;278387.03995812;443872.64954987;324461.44532337;235850.23309545;265021.31759896;221703.49166162;261433.89539461;312487.07622169;242205.2148849;279780.82904844;279965.66073411;301540.71787609;314922.19765217;313630.78887447;242925.26668895;302795.25391581;262509.81163352;255407.49564837;375809.27719162;417025.11496731;354772.00141467;271270.32342563;290236.70625061;329015.17671716;256347.85595121;298541.34147418;258998.84069199;267620.64533214;288217.04139186;250507.4639612;268094.87448122;309210.29618597;264452.15504875;307003.84737292;303864.57548007;317807.81466765;475944.83817924;433260.79019218;389189.89467345;289637.54410913;282637.35868716;282762.0038452;325335.27125908;272402.17586565;257170.80751095;304763.85924875;296947.27985757;284683.21275944;300873.54063658;327643.23252149;364022.06039589;282261.11111806;320493.08761471;400640.67346454;410415.79349227;385286.12780298;334688.53681074;318117.75243907;326223.03119027;332866.51534152;283586.34141796;272967.53931652;321163.10593431;310338.16031869;331809.29026364;328760.50072448;390769.50800508;279656.51068867;288740.88740787;240218.88927445;220947.93940441;238126.11522709;333993.66195648;297780.63541029;310826.04578891;301897.27910015;263058.49843155;313743.20142415;269177.83650283;314589.55153003;315999.48276164;333302.43255018;301481.56845261;374462.76482352;328357.89917881;234419.06688403;314095.05355983;293266.15747725;274520.72730591;347017.04986888;277447.44399169;218773.7373973;267838.66604316;256389.76824327;323253.13521584;354273.78081891;374449.01221075;382663.84026889;426816.62746842;310543.41923429;287227.4694991;338291.60783102;398471.42635055;262265.58734349;252531.66210346;267360.69594475;244254.57393789;269846.47775045;367325.04622344;323462.65266729;451577.31039303;372194.29202586;352274.59732796;361233.6157937;290142.99345372;251892.98706593;352147.01967948;254280.31976761;261679.9851665;251389.81089065;275423.49621844;311067.75827608;336751.96197211;383928.62854062;404272.67392665;355832.35954132;343784.90059001;321903.30808868;284834.68850078;392083.3848551;249803.78140442;260450.36372093;316634.56920144;325564.05103523;415686.78357277;404502.12990988;393697.30201426;347848.6087823;350473.8963918;339999.75720864;289576.63924177;331561.94920539;245788.34424613;279236.32214823;314212.24918918;367271.71141957;302827.07651532;344903.85328091;395171.12382274;365234.24366193;465497.09203839;302138.6243202;349969.22600255;237597.58102667;295176.93645378;320257.65713225;285202.83033629;352914.74155329;368847.80685648;369686.03832739;355272.98801016;383948.2878557;346133.86617345;353621.32975831;245367.01288256;288131.65174839;347471.83452335;364670.93060392;351130.69138829;424640.7922963;430749.19827151;401596.84123204;470214.84951291;386247.93345716;284470.83168053;214869.68469088;312519.6892141;300893.24919959;369982.91706514;313264.10543891;373560.53564566;397459.4101923;371106.27237351;322154.20982954;231889.78565459;261099.81788996;291034.73126846;307630.5659148;326912.89108979;324879.3911906;436026.75563608;412767.14714773;414075.39217122;314057.1468998;258774.60823797;270021.71440762;317369.5966381;364868.65240424;359930.74989729;374347.86364023;448044.06249929;413784.79488321;381731.73415164;252405.25222387;231458.2820576;280122.33101662;313087.81417086;336425.81624518;389528.5985326;339933.10203086;440138.74732148;328094.42085662;221402.21485812;267919.92301273;292910.96272625;296645.15568862;346487.12558576;366988.05863945;395169.76538266;356704.20569065;335548.43149114;210926.40887806;261664.60770538;309277.89605671;363738.96022401;325677.76425929;383749.78230693;414567.41660995;406428.26719782;276355.30590141;243512.07342149;269092.93606889;296979.67024523;425191.00522924;394100.63097772;401917.07516648;437463.81090592;374511.78301604;377051.54557756;412001.33481998;502993.7921166
767.5353632866;123350.19741665;130381.58498202;162631.70708508;140158.89667343;148637.64235694;104167.63530629;116582.55638352;103411.76545612;96534.991577407;102042.63230713;135968.50136552;144573.78936139;119421.33968762;100211.95744279;123878.33908161;139743.68152286;150417.03859869;130448.55963616;136830.52806851;189642.9333519;156865.75083193;115705.84808959;115794.11117017;128795.97307463;113832.2070854;110377.34166752;65594.698366681;87163.806366765;105374.31445838;102872.86548284;82177.166963105;105971.09077011;125933.54115589;136686.46636511;160137.66788212;146445.35650661;200375.87294524;149557.96184278;97276.877754772;102915.2513402;101118.24092116;106276.27622397;140825.974309;140102.9051128;140175.96502965;150205.51476813;103565.31035049;122585.09224291;132779.8732103;99322.489600078;152468.85604844;112137.81080507;135662.81326498;189893.68465971;167476.01749403;126529.17465975;104557.50552826;112392.99738908;123641.76409935;145811.13365006;124503.66378743;135463.99045394;123228.06183684;133320.23519863;135849.97518415;145314.66503895;147805.37861887;145294.42330039;141243.8061675;133755.67015074;176157.06796352;233067.50647018;174848.35614686;124008.98106332;138743.59569913;151861.03605892;115504.20928693;138658.16454642;120370.92040838;142213.27062757;128644.72819249;125058.26145788;130381.827163;149130.98357182;126480.33111261;138848.76426615;156855.8637749;143566.30447528;216479.18227546;196359.67775591;163711.42830488;139656.32543401;133919.23927242;148333.64934159;157510.70206746;143541.31818563;127722.67585626;132245.54154479;138024.19056927;126322.64634169;122073.4469477;146475.66378159;170030.60840455;138234.44755548;153164.45804458;177631.98483167;171842.93943593;203964.2384774;160663.12337178;151564.82031277;161368.87064973;138204.04642331;107505.3424983;118683.42359672;142204.89919829;156723.30104386;154458.0975645;135439.26562802;188923.05304279;120569.62586331;149242.08296386;121873.33534987;108947.79720979;116206.03699055;168397.5235136;123825.32525248;137554.25151741;143018.45098834;105021.25446879;151054.70027277;105377.36073677;160638.40922439;141012.49232576;159931.2722861;159849.12085463;166146.56196393;156242.31778348;112242.74819491;146979.75362504;125243.08044244;163070.58881852;153867.56298033;137030.43941368;112400.84667414;120149.30885531;88068.821688737;149033.87860778;190334.80071911;170076.64850137;174196.57228786;188817.60074934;141127.52885405;129029.03182389;156827.46915836;189774.55129988;110680.23318235;118526.97402294;118006.75960153;114902.30761339;143948.572372;218955.49355467;166781.82219978;211618.92966228;182362.52424785;157700.35141978;169033.41989763;142002.9660814;144234.79844372;165059.99941276;115602.8802283;110986.68471705;135759.29226064;112388.45557336;144564.36610314;166305.33138911;188024.42579543;177747.63814732;151685.47050971;177937.05771601;153314.38420094;130862.01680666;182146.66648594;116240.1170416;111467.02848314;136398.53375039;160536.66358355;192374.04108269;172742.90044002;188670.20589975;162401.84520627;188742.77475627;168671.16503154;133820.03565273;160206.40481482;121085.60621322;134352.4285931;144703.49715581;170888.10635942;145580.02735879;148300.71480526;191456.69450263;174116.86622704;216801.543061;128395.82907131;164090.70296871;104494.15375558;134216.05018294;166277.89954172;136235.2664981;148708.89625253;166003.89460876;173015.58982286;167538.66086729;178346.3875666;157197.56187936;137380.1509446;120206.71629592;158642.8021813;125520.11475995;167188.99811894;178295.86372025;197251.83536055;223995.81330473;183528.87615286;208475.73694225;200022.70354501;123980.07779986;115853.72648006;151319.89474043;123326.47495346;188996.2386421;132614.86494419;175077.84796439;190875.46958889;184817.67429001;167582.85961652;110312.16232305;132575.40610614;152380.64906559;144715.69983957;157584.77335904;145180.81893111;198597.18726633;189039.06746407;183998.05023049;156057.55914853;119260.03220168;134178.85699694;143173.08896123;168361.17729596;164036.15445953;180774.14522286;210744.71567729;197272.62460033;177735.3253765;135426.80584859;101366.77765669;128496.59235318;154069.71495773;140622.59641291;171328.01704717;149968.87014057;201811.62533882;151024.90927234;90173.102998852;111799.31536111;141332.49161266;134628.01916783;183312.69366141;174939.96558819;180269.29104131;179855.04307909;164878.94548241;93134.705197427;113839.2788991;161084.95376602;181704.83292231;154347.27333266;201308.09148807;207336.08583423;204159.47273435;130747.92981272;113710.93174788;125047.12817941;134127.59090095;213390.50256963;217349.6240611;178020.84757798;211755.73120267;191759.91430404;191734.95808436;195319.70232796;227795.89689907
774.53655921095;121733.96840658;157427.81062703;156641.74725906;164435.73356959;141469.15504504;123002.34928992;121861.66628724;107331.12506671;100705.36669264;124836.51126539;129597.29506322;168973.93434425;117279.0403077;102092.42345987;85928.043510943;109487.6335262;154688.94536913;140636.93761354;138832.52534216;186156.86735084;184534.83022351;106286.97258249;140181.36398646;158786.73968231;145135.19515632;108167.7528837;88387.844605204;113598.69910264;83277.708360693;89202.082562755;92494.190501747;126055.6726869;124860.76671266;121946.3051594;159637.54014434;166627.86615479;190388.80487831;155439.4239512;139721.05874498;121785.41661074;141238.89398866;173292.75119691;139200.4149849;134384.76765383;125215.15776129;128378.15729687;130264.59632645;109117.16151076;103702.68216983;102046.84713662;133131.36498246;117787.79488908;117727.66181916;210356.28218384;172865.77137286;122046.11717948;183737.92535312;175234.28418618;163684.3449804;177820.61848297;120690.47016883;162907.18321369;145831.42486427;176405.82603045;125369.12302524;132886.20902213;96243.680216383;120793.21678857;115433.34602494;108918.69690714;223450.04925995;210661.98472847;189079.80048402;166230.12297247;207725.78603176;207596.46202568;171506.9754305;179443.77410879;156401.7757949;149959.08719257;167390.61673864;107545.40417664;123886.82475419;153794.0798232;108504.0863732;129184.25519671;147240.73188745;145578.99920861;203736.94799104;166943.56539719;190465.283815;175233.55192023;185180.90037414;193318.74034322;205610.26052056;175029.92707874;159604.07146454;158159.17101567;189576.18346794;177656.43164873;118105.08851984;140865.39289265;171890.76213228;125233.54447366;128894.22282446;176616.87108088;206819.08421242;208628.68063949;196252.17513113;181164.67715338;201458.01410202;199229.42425898;196098.85659001;170348.84993809;193970.6582518;229353.38197911;189407.42645726;199206.13704184;236381.47863934;126092.99822815;147991.92394692;96739.877913263;116737.46151457;121792.22664963;219142.93387935;176673.38914995;207118.57752613;198630.45904328;149870.63461702;200947.41642746;201635.84017951;196003.67369582;208507.12768798;172903.16252417;170630.17809129;166897.59069279;157549.04679426;124437.84815845;134856.90503515;161754.13019022;167669.70908068;259105.93176827;181371.27215643;172559.22547324;161155.73959228;169190.99984081;224426.6807503;234821.62136759;231440.48545659;228687.06298139;233199.47060864;128374.01712942;104289.95000161;153668.81597664;185171.85524874;181330.72517003;170762.86203299;157254.277898;175411.70202533;171215.14762792;266424.64402569;209216.30537644;292523.51178286;230505.48333667;221635.63406013;213200.28828665;88395.263065637;122481.23526851;175649.92274487;143926.18806968;173016.56618278;161128.70539908;166363.39492994;239534.72067303;266711.36972101;305979.64374577;264484.21515969;207214.92978789;225492.56022027;139336.17771139;140378.86600157;166630.83944521;173517.60867876;180488.59876297;210502.7573944;252419.5102208;300418.92136542;250617.59250097;284376.2281866;236836.34686176;223218.57520719;167848.53892048;134565.51235829;160554.9149581;192572.04622133;214896.80172501;201806.18804195;276647.02637325;209624.28072331;240085.8240932;287272.39056903;231952.38578642;222085.5525052;120746.34496631;151437.03179171;187556.96291672;220074.167388;251401.42596746;192871.74190126;219635.99593397;262473.89338466;274558.04506099;231728.23347632;210969.40069836;162116.8857859;168970.06279912;181515.59122229;175679.11395544;250584.23804836;270087.24952772;273466.59484582;303406.03882373;282588.3141423;242556.14378837;223932.07899876;194277.97871331;197241.39205158;177941.37175576;238275.7939826;201434.45441547;270366.09888737;232827.14284593;260140.04473576;211778.37288873;203468.50240733;147424.94735332;187587.14160205;230677.45032506;212581.42749205;206218.58939206;211926.02808676;222992.98844591;294267.0394915;228812.85869459;200430.15194073;130832.97909589;198290.18924891;206166.99271748;220185.75000501;202558.46744641;223989.59322275;248763.63303311;285016.4139824;268969.67231193;143977.3358917;184684.3854355;182223.36903455;206565.74297613;194486.60986963;214356.73159067;233714.06284647;193018.17611715;214059.0207899;129026.54688919;155620.40088186;217281.96678212;196192.54487766;190698.09563868;228343.49223573;228467.54942005;268424.70171013;207677.4569329;182409.52403633;168161.31218562;197432.37314111;206061.68315615;210193.30782122;218615.22113739;225576.73900649;223925.68095179;199453.65859939;196961.25380716;161602.3379861;167410.46939795;175000.51848602;216637.83927469;211264.06761449;190485.92843219;211559.83588073;212840.91824902;213494.88489292;214580.27379922;240982.20377948
790.53133850691;318385.45112212;470902.51677075;413831.79669873;452641.85522292;316819.19258077;302568.22305067;287364.51159151;276837.12597628;215700.72112614;308677.31223494;442026.67344771;438836.54169634;354194.18797603;211606.46358204;293179.79203807;291963.74112137;355236.00332471;306594.23196345;362787.25264289;373393.99683205;548709.40712122;374325.48152396;436131.27333706;447656.36873883;335873.81431333;242325.35551886;163563.98505881;212899.91984134;232304.94076161;230417.21896051;218358.28691861;263568.41967661;300391.17276824;357510.69147965;494747.29173351;512773.96857948;424908.40685501;454374.86454432;327414.53227532;361839.22514179;349828.24281888;362260.27834972;342947.75612844;265429.27329566;274996.74270986;381784.36456826;287386.04833646;243457.07299839;249178.06930514;277029.15377007;311785.73272479;284695.00264507;282075.62030733;731735.66221841;463600.92254276;314958.83886946;579395.91888653;509242.41424967;402335.86777639;405928.02110931;263121.81745653;297998.34255492;307535.55209115;287620.61632128;260171.88517935;280970.55107263;287827.3961522;371041.87632792;271305.24360862;284457.61197477;623354.27784621;549168.94783187;491717.58121663;403138.64092973;608919.37122212;446946.98581383;354252.16554636;450361.26872236;299785.47494226;274342.77633897;343258.13220779;236771.68315747;308630.82358474;305188.72066129;284399.12638726;344359.85402873;519832.33256859;439087.49999055;501556.02904134;404731.93232241;464165.87428364;487689.21263796;490229.00875185;500842.32440548;505694.23496543;437214.21082714;288093.67430509;330093.66132816;388355.96283057;334237.34159781;274902.9668561;294186.10022056;382857.56726563;317650.13481014;427003.34227723;439521.34131992;630143.19961241;635288.37551894;495917.59032522;539015.10270034;505319.84323204;523970.6610305;387808.67914742;318756.97925108;426243.92283022;464420.6146202;374602.41268355;358179.87920573;410113.35814026;257721.36808699;217771.62997658;256733.46204351;222293.24598422;281614.40328432;453363.25260618;420929.14618992;577422.51623082;465324.91541314;320486.56731172;436112.33290489;418075.43445357;364493.70224474;328055.95466355;324056.59995343;345165.76572946;281318.46659867;242394.62634136;237779.20862991;347401.67289645;314146.41531573;399115.57168817;644469.79341188;450268.51329198;256939.03739024;288104.48126972;309415.85873846;401538.68674498;327791.35390747;476033.52331199;445701.50565272;494616.31779726;267156.99893972;254727.28420157;456441.94532349;664493.93660111;335076.70912867;341566.00344119;279375.08431766;285324.96378378;334815.73508488;425142.94145632;390400.90788311;585143.39546494;395296.34622535;373040.4016219;351803.32519817;251126.85287595;313636.68028683;591924.19739401;312648.3032231;312959.43884634;289003.20752453;308453.33407067;443198.34500869;559004.2093648;583259.32545994;563372.24090209;355515.6587416;433702.22378393;339897.96976608;275278.54023318;485913.52333713;292834.23036978;302406.10585122;368727.06908488;384157.57423065;559284.96077129;483856.43010835;672813.00725673;494904.61609952;522784.89381443;374865.64301512;305319.98350685;441644.34361236;311160.10495778;407822.70887265;386287.92028495;552359.53119855;474588.47534219;523796.31597702;624623.99538866;454409.35365774;487697.75573424;305124.15665049;496220.13220491;304174.85184213;338048.06574294;407100.94009268;394002.20055174;524083.58616289;432207.66432906;682715.20514059;374358.28966099;448016.52911821;383298.93846342;477959.85874519;363075.49990388;359464.28777992;385035.82289781;599701.60527107;464321.08622637;688538.69195021;655595.12287792;500715.11039102;464418.7672625;423782.23579843;341097.56492267;289868.54708131;464426.72982131;369034.69361025;466478.78082925;372059.73582453;561762.78308445;476381.95029929;477416.7873747;384087.14934405;304687.59437578;326323.54814561;425790.98406598;396445.06290349;420232.42130357;435483.06588011;589495.14785501;412998.31138581;428947.02553019;332227.90742447;329196.59212571;351542.16471486;429096.53910041;425990.18193395;395533.1022535;581069.34797797;604373.32931713;600461.89845216;345486.38396677;278471.0591299;317907.55432538;355676.46425572;377635.48154147;442086.02425175;499282.20157313;460757.91208943;386219.25772268;311375.21963514;275166.37358119;362906.36672322;351200.66580295;356675.20059599;441353.21401867;403877.01647773;388471.23271605;419732.01607936;393115.3762344;256705.36833469;347553.42992378;355887.48403098;363865.87969453;433478.36686475;530570.49514409;629795.46588037;502576.37682045;288727.53603269;298394.01090121;306562.46428136;334196.89187243;528295.21185833;452404.54548354;531789.74423959;526142.35483957;509452.03464909;468523.39755133;484195.12362552;621573.61372144
791.53577434787;181943.19443241;221676.93916212;219449.26861596;215571.77044113;157015.42376544;151873.96658707;147499.15291003;134841.76107664;114888.85866805;147078.81687125;217994.75255358;230237.84402837;158898.9069598;111223.18453103;144652.62314287;148965.65225101;177040.2004617;156443.67656404;159296.58180538;202423.29465003;262291.87516191;165367.27958846;205618.21114034;241611.68994536;185757.8781882;121612.97401177;88265.862894972;105064.17804412;115930.59847987;112755.13284842;108658.62473432;130947.60216037;139189.84966615;177446.39760527;261593.05963737;259832.50888482;192443.57812768;199525.33166892;181161.59613186;174397.2232302;185212.73968431;164116.95605955;163022.28473438;125125.72323045;122055.75329435;187437.91266148;144539.2310042;128074.30175725;115100.57625069;165455.76773398;163261.57517224;148526.65832394;156388.55649242;357551.67212385;221127.14332847;146855.07394619;302524.01006402;265386.37732728;212005.32312525;176395.88962405;113024.97927132;146195.10847875;165362.86718015;169232.33846179;146484.11400648;150499.29735613;157602.85294084;183202.71830564;150182.82685452;155443.22701682;315363.77165319;260499.46085181;238932.6341549;184261.01820113;298964.5841416;236450.86926003;166659.74080973;233483.51383264;142650.11137992;161920.29691703;172435.37935918;122602.37411175;162234.13078766;163419.18069311;132640.68794619;170536.411467;269690.42738592;229928.47011565;260129.1492155;195425.00124369;248151.3943375;261999.29328116;239010.60858636;256690.29845518;259335.95763709;225651.50909126;146255.27225938;160376.52292276;196189.83003424;181749.67869733;124826.44671313;148333.67629657;188152.23630125;160311.98419345;196243.4806705;243058.67376184;337244.6997735;328855.97191785;249482.96161844;253693.75646944;254796.14921446;271959.89038659;212773.49340485;173379.11898564;204506.68553852;235440.32252178;182027.25379924;193733.84113079;208578.20860785;109601.96264609;95755.562065743;121568.66956247;98780.005585909;151496.97242481;248388.91214356;200882.76065731;276619.92323684;234379.44991198;147040.00185347;239443.87441553;214565.70244415;177689.94242479;176442.07872853;159950.05086869;180345.91806322;154005.53366465;133370.20255496;121884.79187564;183723.46862316;153285.59242202;192020.34047795;338380.32411443;210387.40097269;133648.72752955;136616.57494279;162525.72437039;196420.71597702;164920.11466604;241612.39760791;232156.46069667;252429.85916157;141420.91967659;124097.12353681;202424.00476923;329004.61140295;166992.62282768;166666.74617351;134265.80191641;126979.74434735;166857.78049552;208791.50884341;200292.67014839;283983.98348033;197477.07704038;193675.34040582;175558.6899332;93458.283184663;155605.31529918;271649.67231973;181261.67186319;173511.91353156;156464.81781561;170314.52328547;257767.01698914;288681.63147249;324848.30586601;280423.15605149;184877.18060613;235037.33578078;165047.7240426;139384.273703;266516.7463405;146182.09907032;143223.82186798;188223.64160007;223197.40233623;299664.3229519;210817.6120442;355924.72238412;230400.59359842;271107.75357464;183689.44271101;143699.71610294;248311.30017867;161359.77410608;227204.3237179;196482.06840766;277992.54225858;247966.21636627;259492.40201128;328604.80028347;228733.30214954;234974.66610371;156549.48247377;258573.97078195;131553.74100185;156694.11228548;237285.12468612;199291.19388743;279814.4177756;229946.38149385;357076.60190127;201241.6467179;248707.79442158;183403.10654782;248366.45987897;162316.8385765;184754.13424331;207199.99445321;309784.96539538;235289.80619967;346752.37555512;322006.98716146;254053.60683591;230569.4075047;228347.52543208;178056.875076;133764.37092899;220205.42467655;192480.0934059;256342.65903484;175586.36593955;281953.82083974;225207.48992735;252351.24980822;197348.39100477;138993.4940866;194752.04234596;207099.78689099;171394.68374892;232634.11086139;212176.6452772;279405.39842382;205402.52289188;246006.06536215;165430.65072096;158760.38575609;185656.17053958;240434.36553521;218564.98059411;212084.62038658;297489.70733731;270978.2200374;285151.77908766;154889.69399878;139958.47178408;193695.57638949;191958.57361701;184051.95786767;224706.34529475;251359.58537327;248846.14761774;225201.24958372;162149.08178215;140939.99281845;200882.38902082;164577.02162739;197478.51980725;241695.80980547;219014.15493738;197181.57013293;218609.01994278;176965.62183706;122415.86359594;169088.09999769;186524.68029348;167274.11813422;235780.76118762;269466.71054806;317052.95395311;266777.66708495;158082.88820831;148748.97240112;168975.71331264;177172.33629649;263812.91592699;245553.67392207;274406.95063532;288524.81489693;243502.73109975;221764.60724584;249264.53179178;307010.5132613
806.53739200003;115010.25795656;156175.00537278;135648.62921217;114102.58125568;178663.6034272;137522.99313738;109519.60974719;92784.170595256;90340.938376676;154891.34761285;221784.83326519;145748.02168759;157324.5777667;109121.39529187;90267.234163233;141401.79828045;135004.2785069;132472.4989884;119010.60667545;77944.350077492;107078.94975261;150232.6121216;153100.6328929;114203.48167021;145413.15626188;144361.16412317;156420.75103546;168072.01672249;137854.15148374;89088.758437234;80438.962546074;72220.756496002;106244.039977;143289.0336667;137710.77616519;133635.87272561;55260.063534501;118223.16069049;128312.13158721;138859.38019352;78829.348133338;113477.2758637;131466.56172681;162791.59062993;143272.19147054;134897.16126912;97273.071223747;89212.417283722;94168.735262388;99665.840652559;122148.98308646;120935.27018252;123395.97540376;82159.499688352;101260.80709913;102500.85032477;128639.77550505;115536.28195817;140477.33523343;139781.43916146;145483.26953517;128559.09166953;101773.63447984;91894.671275287;107221.87266682;101049.67536138;109833.3576946;144994.28646503;131288.21652437;136100.12335895;50549.402706968;69453.216338454;95359.743141673;102009.42395119;80824.197829871;124047.33140101;103294.76211406;130498.91887606;188262.56045348;142049.84038735;130028.76313215;77484.692562271;122043.87336897;120576.6733158;88032.501634957;159990.63301754;138521.41244873;139698.12501716;104404.72624274;66839.100813402;88175.32304259;144060.07991359;102388.78252536;126030.40362794;138642.95122339;161495.0728164;211771.4547706;152518.08138087;184013.83990013;64760.412047021;125176.83118816;125297.11324409;95533.737328836;150465.01491705;148120.99277438;122112.25651443;53765.054311154;88056.522501127;131272.57372603;121663.64260767;83066.577276994;139789.92798476;145647.60032345;165529.56171598;170065.78983235;189753.86731434;235378.97781711;172274.70240828;97679.439848436;74204.278832932;107200.93186544;177355.79712976;162230.23250172;140364.71389752;76486.581886025;133299.61085549;137380.75155826;126660.50173019;112352.46603177;158281.01689498;77373.065354447;176928.91447227;236932.73128344;216786.34055707;180402.41108379;99576.449167415;91275.411700811;141213.90387166;189701.33275181;113348.49732508;112195.58488758;129497.02295415;153447.06004215;128260.69948914;174208.6146917;141588.64817493;172874.88779629;153161.33766424;208759.96551277;196466.64626325;125472.02245238;79005.911148117;159637.65563936;197634.41240589;108703.89988821;118175.33509693;142328.19189873;157753.72777745;156198.11180255;162875.11688249;164636.63694865;169440.97847929;181989.16263004;141915.96873725;134201.40166059;88239.997713903;136380.08387855;143307.93532657;146294.18105673;167846.40536608;171307.12344645;156711.98276443;149335.98073805;143165.57548728;155944.86050473;156071.71811775;145161.02196868;201154.13261188;130244.9726498;112110.25619739;186093.21080773;127752.51593259;162149.08518468;135106.99952452;120148.00956027;115028.08028994;160510.52633753;157125.42459748;150110.84550091;151426.27427045;144250.96552567;102428.58907536;181062.74599899;129348.29635682;174171.03798488;158595.34404462;146889.05503064;160285.82659182;153099.94553799;172266.20500489;160629.57238851;206335.31898206;194121.89605243;122199.4494133;127594.78039834;161596.01756893;164255.6140506;177600.07934109;140641.09994915;143638.74389195;147568.45129748;158079.85344764;152205.3143826;176614.3979694;113771.82556553;117146.05127804;148340.20124075;160765.75870619;152452.61063352;167617.29818831;95098.430757063;106905.53660474;166728.31517101;173599.10692235;97246.684469453;135528.27106158;165631.65254147;137165.2234017;172725.37096772;169032.44286554;147344.44154802;114116.69706088;135333.34826661;170263.02815267;139651.93441756;122037.68315628;137304.22803625;168708.65561246;156696.21094287;158275.48531252;127064.28164472;137058.09528032;171869.89828523;141958.25614408;114582.2884597;109439.75054106;161782.29215558;187631.90127064;177588.53316594;137468.23125795;122347.38323779;160177.58962319;175688.70366948;129240.26162098;122871.39263136;195667.93987582;153930.23030543;153928.10496216;138117.14530718;146033.99289717;170175.68917719;213065.12532406;182186.7685785;166216.40634493;171581.9632807;181843.17481233;115969.93573158;170275.87670973;147714.76375345;140185.5176721;204102.61148382;140300.27225237;119001.73368745;122250.45016203;165871.07269649;152377.2874886;141135.46657524;152578.1027705;141651.56485991;102585.21674151;88924.866978148;130885.11922748;158490.45924573;181151.89330225;148922.6981436;146676.16447507;102089.19815493;102174.78793147;98992.675685917;148304.20600407;123673.43449884;78900.409964592;57600.381497033
807.5409465891;56483.187632378;81720.21498252;59623.151428622;54862.053217602;85357.405744964;67157.186592702;55294.307350328;56198.369395347;35007.523370725;58066.467837709;101338.92001991;77879.380480935;79695.797122794;47556.201637499;36733.870569621;51069.150848904;65853.696098869;52931.6933644;47449.83447314;51217.640749845;43735.845091568;50329.935782023;50227.532370622;54258.792567912;64180.318509117;57327.673802248;70893.63877225;71631.611947282;41714.651461325;44963.014062143;40345.352479537;40086.979868903;30497.422720346;60017.913654709;66297.600525329;53447.705744806;34057.583775569;46197.021397232;49875.232080408;50817.642392264;38366.150180129;60795.736931361;70615.433622869;75436.267138681;84509.044467434;56756.662459247;41601.427829719;47073.546122115;40233.989721069;44434.529959552;58629.809756925;71850.061104251;75160.569931279;42373.513173524;47798.717758353;57023.846672239;60561.164676621;62173.4339262;69353.839067679;68787.485168132;70728.434018699;70295.242415358;48222.972240425;56153.206122353;54212.45598013;40729.033928993;31526.443065833;72666.231370376;53242.616542615;59435.617105297;34090.238185841;31485.985963315;37164.857315857;49816.261421676;31390.713952166;57276.342009277;60148.825938608;62084.993490206;87782.993884571;62258.584903576;47656.887902429;38700.171459488;65726.574288638;40289.457090855;59193.10814166;66397.38748275;52749.140850898;58340.376999131;28553.364328077;35318.845812299;56098.371889343;65507.140692842;42233.646764364;62627.35892261;74683.906535622;91748.62659319;102327.67353958;59641.379246431;82219.258156856;38460.064579016;39783.871077913;58639.785635582;47610.269313262;72847.8852116;72859.029686997;44232.986270353;37460.899152853;38919.07061467;46135.44136207;43269.385271108;34685.569856553;60762.614295343;81272.033391128;74768.641394154;72503.297794961;106335.69841174;94313.621482969;81429.476184194;82542.921210267;45806.2447482;31969.723180671;86445.379499926;75597.591033427;57788.751703553;38909.766805198;49988.650857559;62594.027314641;66396.731119321;69708.54573896;57691.433329687;35275.691923946;84935.904825463;87269.490543701;92328.028394606;84330.247199979;26350.508248094;52291.10095782;46826.232074036;88410.409579259;55645.245361215;57045.822218505;44318.328027222;67119.596369868;64204.866572619;86875.609142408;61042.057308306;81497.549733394;72863.304290237;80827.342459296;77632.462642941;38391.121226201;43204.102899418;72796.640578753;80627.594722767;40458.28916903;53388.544618197;69355.085915913;63838.460039199;68505.253898091;62515.57130217;81161.975702397;75192.52305172;68938.543784949;60102.061269783;55816.459174851;26180.811126139;61317.302344236;54642.300531094;78192.047986143;82204.384506866;70716.3643638;74201.336118924;65211.566732069;71322.095059499;55774.345088672;58994.71755624;57268.725797212;96232.146914324;61006.924662384;36386.076945847;68274.431468015;60586.319921562;76661.951734804;71964.943259286;75817.950380942;55426.430666324;77275.44501703;83210.03698733;93353.609325088;91878.646830609;75277.800245599;30374.976763507;83828.626129362;73533.141899614;80043.801425828;61398.22853391;73247.191573492;69174.115694991;69575.381689754;63464.769647843;86013.81507171;91205.905022149;87823.68217816;52819.240884997;55589.934117738;85695.875726941;74592.500051689;89413.401530074;58728.520430203;98363.901759298;58723.046169502;46101.159390564;55156.761444217;77359.688091634;38864.914228644;52523.16743645;47980.011327433;90796.226983685;91007.682984982;63771.586923044;45676.492498674;70530.12834666;80474.761462146;86782.461310722;35420.46400668;62342.77489817;54319.365462383;65579.48329096;79752.074212185;72806.067606462;69955.932378848;43426.711056366;51095.866799881;74998.655060704;70284.680880297;56162.966207506;64360.979901449;66128.412677657;61257.120723299;84603.160041774;94476.368887084;57681.091529478;53371.938418632;63405.252742499;52913.188113728;49212.060596868;91341.992717524;75477.357192497;89084.159326579;69030.753520504;44881.841474578;62402.458788365;87112.626965672;69411.665855506;55320.402450106;86687.677743255;74645.42515385;81532.363760843;71072.48499167;65551.349200018;77854.673615135;104723.03154085;68892.443523085;70293.800649214;84841.179421633;83110.465359649;55307.165609954;82941.901296155;62086.445394792;82994.873468399;67285.511448901;61926.707830043;61553.006560889;56737.141146917;75185.766426921;63565.430466968;62447.171724739;64720.41478285;81703.68380231;40144.758598701;42676.642015352;56504.329680909;68376.895541762;80017.580736698;71308.546172538;75849.606000322;35818.476612372;43859.496138409;34823.308537282;69104.811199751;47867.409629567;15170.271552958;37512.35422023
822.53229523118;56308.990053913;131478.23014322;47823.684047118;81034.482732259;79210.897316554;85941.772291609;70978.98528747;54101.027572785;36913.098725675;110923.08824983;146581.5889693;106468.19053097;107908.45446203;75037.191779511;41144.014826651;61453.468996055;97230.974944033;84924.28966779;86586.687712189;55311.600406493;62888.694491779;55985.22136269;85262.472080574;85261.113680566;74050.681230486;53302.643979692;63947.225543808;64643.687244481;51380.361111994;45585.182139876;59475.5411153;36408.5627959;41717.192180704;70183.720203769;67154.551395091;75935.521776328;79374.832770472;47700.765572686;71395.312615915;156290.53929785;53591.960076196;68932.665622665;73451.380911609;83494.828224845;102031.97359848;72940.222185614;42715.606049995;59211.995474203;38380.573659904;43480.790609098;57866.32569416;70300.023190681;52329.925491102;51210.604326605;43370.533101419;86860.443731178;163869.04420029;60020.381013147;76273.655816336;74823.860854324;54431.139916779;89650.563243157;59024.697576112;49777.823268231;69277.452843924;66469.558437112;38822.121125438;76388.267182448;118394.68584037;58408.715929745;46664.38699704;64396.635363839;51239.457786609;56287.76086736;58782.170644443;69140.88415849;54494.235976816;58997.480415199;64152.400710187;51945.10955494;48179.92428923;63316.529063034;56987.712900171;48212.897367222;36219.65653859;77197.764465406;106138.1477366;58822.697736187;46715.083457173;51240.68168929;41662.085909517;57418.246793657;46029.483871631;54010.385919442;75573.583957909;79105.637053228;110321.50918552;84328.308378464;115639.13678121;50465.668450445;60148.258489036;69911.527499209;52657.987939872;90376.71121368;63857.378913979;68132.601619531;38260.062479719;47513.853924234;52667.272276224;68089.820228252;48938.606355562;72263.790786654;88576.356344654;89221.013617946;99815.271673714;163256.91273138;170124.92345453;75824.049553709;83346.818283556;30236.815034946;54778.18404435;77163.479925869;76384.903869038;79423.060290876;21651.218832096;61112.361940492;60017.677250858;79548.767550399;76883.652859268;79565.124838706;42790.686629048;102656.01338164;133522.75579261;126356.681792;75737.39646286;43294.923436501;57684.982879401;82751.577577056;126131.16890432;68356.571620789;66467.893644361;69864.337098565;51458.590377372;66378.864989868;103402.96878544;59119.326165975;86108.011499003;106273.56314058;99767.415878418;78976.82792393;48775.262604026;55363.204471557;97003.129063423;173500.36808522;82377.024263845;54742.036026663;67253.633318005;83132.725019361;104399.5055226;76336.149103718;73901.671148278;79502.119030209;89324.577362774;86768.685567147;77197.728959192;58968.851136343;77599.345420405;69678.758417403;67712.134029165;67444.017745215;101944.75695746;88281.719932604;83368.334153838;55606.263512443;55172.23316419;60919.918188205;105441.71006902;120713.87439055;73503.175140947;50824.33273647;106156.13839643;70220.025941051;79884.495891368;82697.772569128;88955.772820702;90941.806969497;70914.024258068;87416.497465946;61295.147871145;49248.673251443;86623.619321624;61157.868702374;101464.43370507;45032.020660535;148039.78729102;67672.845219013;79266.988209027;66214.84263198;79825.339157124;73859.970426808;61287.875006621;91440.98464764;85746.864553765;49293.261585909;54951.465802219;120335.60981139;89901.55258729;74399.581567819;60402.135093128;73465.020645405;86041.968305938;79112.249682493;63562.825473052;117149.45866644;59683.029322461;63363.766949625;69350.316376986;60056.703807954;77929.740285675;57264.042196236;44057.873904321;65918.960442835;67507.636095073;68364.565759942;51897.734495602;71939.219067632;54903.647526778;62744.938302606;86883.985982362;75232.299175557;82701.202896364;76450.384988539;53540.253582795;106372.59275689;67416.365337271;56091.494467014;89057.161402222;68374.616384913;87532.84035748;91549.40971499;66276.280941786;80709.100005471;87745.123357519;91746.313679203;93237.09707059;47441.650406683;79523.082863354;98953.509876491;84632.79021388;80667.56318566;55241.068455705;78276.60310835;96618.660820764;62011.082097553;72910.286605736;139616.26637495;104226.45833565;85736.892331459;77889.80944871;53952.406893305;85260.286853063;130941.53169631;87368.774747948;78729.134195792;98899.904172874;74634.608812369;80627.050065491;61069.294428541;90914.05045506;90729.92062226;123115.34850379;63096.138358753;50675.737382158;53713.458442372;92115.898790138;81868.002463806;99982.00231976;81176.114409797;74029.247949082;66257.464092242;50122.3722058;64656.778971012;79614.048076292;88097.871790027;74104.450944618;103324.69080634;68579.24479234;52394.335184784;54840.862553358;107773.22285634;67070.551401497;40047.70594721;56974.882351192
834.52003925225;1006419.9869697;1487686.4657;1253639.2656472;1509386.1990588;917762.41453695;1022927.8376884;859219.80237236;856135.94265306;328354.24989499;735448.41295021;1231206.8316524;1337789.8287423;1070567.233563;391730.67553646;474747.43375655;759249.06356222;986014.30199139;978234.09604853;1105263.3645171;1130941.9655264;1405035.8945269;825600.04963566;958229.06155202;1186942.1770494;1015036.1570654;638172.33173537;585081.64779684;719839.63484306;556729.98691895;471384.79602573;331898.22755919;427768.75622106;783835.81325962;1085603.2991115;1388632.8304694;1483290.4238205;1418538.9540759;1070000.9184629;998800.9893464;762598.15420144;667243.13052796;978516.17780179;1088646.3744231;978756.19497377;959991.88016409;770382.54441749;543578.22365674;394761.03667675;387246.92764765;515211.31642102;894247.84780771;918829.0452169;1075864.0427981;1410614.4991433;1099027.4090776;827032.40088746;1333299.1494611;1146917.1583099;1261166.3419485;1093659.4993378;768404.11200353;1041861.7377528;745912.0526172;486620.5563365;445764.38950652;461243.45098634;615925.571861;1127625.5855427;943854.84991593;910994.69544949;1402697.3224178;1641783.8485882;1092864.7201971;1029691.8826739;1405926.221654;1247492.6400722;950872.33763336;1219047.4840179;995095.71123038;835398.60154701;962170.01747213;534110.20872793;587683.67410496;497812.33094794;571967.53326401;939623.85845896;1214600.9123301;1188022.4085809;1501116.3419986;1258151.8486497;1319886.6677395;1257320.8475476;1137016.3015432;1385927.0951759;1526828.3644506;1168113.3230013;956965.99939393;904571.62941296;1447972.5726387;731060.54520299;422215.29161954;526614.075321;702492.52631777;807137.61660668;965132.89807393;1390596.7924908;1347352.8292585;1390822.6183163;1329192.5214699;1343915.0369018;1300467.3933094;1560045.8248092;1244764.5038996;951074.83425956;1228839.0934603;1284458.3158199;1195931.1616711;1086617.8550889;857572.34056264;436141.69397209;537206.10481242;765688.5957606;708585.06304734;996366.29263372;1153744.8965505;1211650.6305256;1387189.0976532;1365100.2017469;864517.82495105;1337413.1177405;768115.11119998;1188839.4665702;1161421.2341021;988662.7468698;996110.78190092;662455.58468531;571006.1876316;526419.12872535;1049870.3658136;930414.08500716;1134545.8767497;1613660.5934999;1222590.7434146;934304.2439103;1046979.6410109;964833.12441383;1153094.0221142;1144214.7448257;1248716.7900131;1154846.3220493;1154213.0629365;581875.17784363;625216.88616526;1155990.4826071;1462173.4208448;846821.45442233;1031058.8943017;968063.44375113;912457.79286065;1060529.1777573;1150447.2018884;957743.17764732;1477628.3469409;1045618.5553926;1018181.9706769;804551.51550873;425163.43689044;877474.70340752;1484463.7735838;1071473.5504358;974365.63560348;1067700.5685066;1131431.2873866;1273389.2694525;1343546.9780636;1396835.5388912;1438847.3914179;975887.97395542;1081743.4499541;654620.73541972;830920.07511715;1459526.9361151;955186.37348795;899384.78890374;1085104.2393906;937313.86896828;1531415.5174151;1265902.3940702;1456435.264005;1170435.4831002;1297702.1990935;846435.2540996;826908.42748685;1227372.1351397;989283.4548292;1100890.2555157;1013866.8858108;1337467.3998115;1233093.5497055;1181409.1549155;1360039.2624628;1175827.3483308;1152388.6970959;732231.55729875;1267591.4283746;1016699.9565854;1187922.1013744;1239313.1638484;1088801.5951402;1292357.1853406;1089162.0080673;1501196.4677059;1036111.5262939;1254175.5914489;790243.51085445;1228030.1543079;1069917.5613559;1103389.1031474;1175985.6494036;1479488.4427693;962751.73906185;1432688.4372447;1449994.210452;1298918.2403917;1094996.6921673;1056003.8650116;1036199.0757728;923812.55718319;1219081.9757364;1146206.2991284;1247774.388453;953958.74023314;1173312.9543889;1270397.5398173;1065855.387341;895974.30985901;933486.11991348;1040365.3734182;1137902.2465387;1121353.919674;1133914.5169592;1162526.5814697;1405396.2573478;1190360.4032851;1100054.5860551;808003.18828528;1050964.2584961;1111943.5379787;1229420.1604794;1204486.4044738;1026159.8890616;1421777.7704212;1523803.2918372;1301609.8518126;918935.12673974;949111.20765839;1007011.5359731;1019136.5952562;1037069.7020967;1097009.4309415;1363802.156038;1375569.0612563;1023573.1379869;790776.77447232;922475.92951093;1087458.0922189;864265.99669035;1155695.621963;1303853.9300091;1057987.2754205;1125365.7289923;977928.67255457;821967.85091266;788309.83924668;1136353.5440412;1008048.9126199;1056643.2626378;1273215.8929145;1544019.7045519;1449641.9652834;1292413.8391698;912112.62984279;993979.20892266;1021121.1049904;1183106.2023034;1566403.3896125;1060203.2221079;1395778.9191379;1382606.5182286;1414556.7861818;1279463.610153;1279228.4214249;1652237.9069317
835.52383901339;548507.08037177;750358.32575694;663794.79105094;813488.80304952;468810.68708163;550246.36992705;464064.84177222;449222.35411536;137190.51978833;400710.04909135;657527.29315542;718611.94087767;552408.44784549;231226.43513692;246367.34757568;441692.14026114;531489.92500653;520664.00123377;544644.69521779;623968.20007442;722602.16745567;453409.39151528;554256.57200273;598738.61508399;528925.04276593;362622.62936052;314844.09734653;375698.65917302;319078.45492439;252496.93142359;193239.64928621;237533.58391845;400164.49840381;563462.61580188;719529.78198988;811642.12009775;745928.65920471;576853.71224895;510818.36670282;423065.66507278;376249.65960111;520452.50847558;548084.16992216;522590.13935404;479984.9234303;430597.6813553;332315.07383602;231657.67079001;214512.76600123;286914.27856162;500791.60533577;479311.10130804;562275.82969711;739620.96295027;609380.18450036;450824.28809509;683214.31619658;625736.71475561;613841.8944606;576906.50882004;418651.29473585;558285.93655235;396897.04628151;264636.8423643;259850.40773545;239873.94781112;331689.81373727;588310.31133119;500375.54071992;514315.18227588;781461.80039905;851156.1866637;621418.68998202;538863.08996667;723456.00947485;649417.88876936;522288.05648865;630952.08553141;512483.51683527;458373.9153179;472410.80123568;278584.75097069;315529.11560389;258528.18311702;313923.85777941;490925.08878937;629332.21471995;611169.76922375;798897.56697274;662103.68640914;635027.58253142;660878.13391893;565278.71405206;691953.42147509;781094.57584447;649369.51185371;515035.49398411;485640.20736193;749377.7833817;385988.82095368;233807.36182758;286533.69406456;380620.60940143;445711.56981043;544969.23132953;766836.1241978;679621.8018385;754034.1453202;699788.49756394;725305.42947488;636946.16573135;792695.27327723;647585.25892977;521242.57405859;616682.20644602;678643.69111958;595657.96238231;577283.30911384;473369.49218985;231298.18253262;281004.22589886;400075.33533247;399219.39486538;539732.74681221;622257.09925719;619859.570832;753273.02683924;702810.93853103;454057.08792406;668073.56499388;416634.64633715;581008.54859671;590063.98981312;569257.46664929;560734.88829866;321246.0252794;329102.00396493;278021.91359329;543589.48780934;485810.98268377;571908.24716965;844272.8818179;655583.87437033;495352.92132785;508585.47642262;495822.57896774;592254.4610444;575373.27844711;659826.25667016;626017.3281263;621570.80852427;345834.65619995;291083.48859222;591055.02530149;796492.14742069;430618.31325578;523831.65930719;508084.14021762;505826.93312149;549624.4121327;654489.92093123;537806.05742787;768240.87966306;562085.99079625;553652.71518201;417784.94120576;239556.50467894;448688.87267989;738403.70232608;549001.86629863;513319.86376563;572960.07770379;567219.50938863;682426.92809074;692501.33148908;680083.29321807;764211.51988691;515872.75907538;560040.48941917;341415.26932059;417949.33924374;756203.8059363;457644.60087459;490151.80476059;627891.89629783;547731.50416158;832606.05236481;669340.63748583;757561.10433825;606077.04253929;670976.63965324;485826.54657549;490777.25150907;664011.25952684;516243.59290829;589133.12832555;494887.02980953;731966.76696559;668313.58446718;590187.85872288;752258.66973394;604813.54114889;629101.76194407;385771.81784172;667881.62327616;530021.1861757;660460.46504146;640379.18615227;551594.7295191;688198.04180007;579922.66778754;831501.79646174;532865.94464022;646775.9810576;434700.86809937;618433.46375323;568627.89097729;574416.15831312;609209.46348299;807421.98534129;525355.37733087;749035.63618177;779263.01207864;677234.48675576;568648.87015281;566692.48655865;529389.58920514;499204.20282683;671237.96341043;608957.95022326;687414.24156885;490106.6176113;654142.65604358;648783.04135813;583722.00415936;473610.5853976;513876.34681425;564192.71555735;606956.86797026;568322.97917511;593684.27404527;589376.29912647;755810.19768394;621394.22067901;578390.1248282;423769.19726936;521315.46110213;585356.58481241;674819.69061378;614767.15046155;549772.59457095;774840.69780844;777176.53121808;692775.62458276;460874.85894873;488427.418492;530353.51729379;583173.59715346;544987.75523902;575774.25937681;734386.98941246;721883.31217228;549389.14659438;422235.20445026;490346.46586888;569087.99250257;485890.57505549;602090.56017402;658651.5894093;576950.04680224;571193.38576222;526995.05600346;441400.79572464;442475.79499799;621615.67184137;540962.78618402;570966.16727169;638762.46613374;802582.94519718;791836.68031937;684392.81083001;482785.57002809;511354.58322917;560643.22415333;611658.57776556;827970.03381793;566545.18961867;770314.00155356;714433.56838238;730660.35643345;647985.4461182;673730.87680623;837028.92540303
857.50892247281;337606.02953035;580684.48414239;452036.17330271;420084.13754459;442898.55220946;348142.68937025;253574.5488989;249652.82736235;309973.4552721;383533.76154925;493828.24226068;469285.62677615;308992.86429219;334349.28496937;498337.68817904;500541.10292941;369622.31370676;372260.65393505;334686.44189666;350071.26324123;543750.72010145;398714.10871468;504745.99800416;562324.75503114;472820.52932055;323735.9025592;253573.93183726;299148.95734524;342178.21503067;331262.92385742;273063.29199227;378127.38923106;462356.59687576;446083.21740636;512673.23009293;521695.60150906;308598.9070455;354957.05611913;380877.46484979;364505.48868556;368488.51226128;406591.11982983;416495.62450793;316326.32159599;268113.84236607;304189.33973029;313926.18299589;298201.76787824;300666.78756965;419617.49709295;342113.5989668;345114.38367999;355067.4223307;462090.86963899;380622.89399688;317697.99855572;703001.19317698;688045.38240072;589406.96127301;448655.51499664;313809.08255462;421282.93921132;355584.96557772;339406.57354394;371594.26903896;409288.73722067;426780.25966088;430531.72439556;356054.93001581;349786.03135271;495153.97784351;413689.31360121;375329.27234929;476934.21694062;656139.51290979;655714.46699303;462549.94529595;506642.77363053;376044.02574332;284893.82506885;455520.94968482;381873.6822203;498689.73770013;449155.29924158;465216.54340832;448475.47264721;546713.89873031;469714.31475435;477197.5182055;389755.18989904;441064.86581454;649558.8397794;567603.56937808;692210.27238141;714636.25514385;518734.34974325;381175.22527928;342677.24498248;593329.49471594;464859.02658493;376049.27293988;330035.33564867;566390.85019093;357369.1760033;383311.70281875;469830.85539835;544731.00294118;584654.81486698;495261.33811948;598961.36123808;531261.69164758;787654.3164623;562989.17893645;442464.73757576;533343.29433133;563080.39646813;500684.21109707;536026.37960357;597422.70480745;257582.18997292;518677.54003427;550423.14787783;288496.41334081;312804.68820944;392442.59920291;483334.58778141;639897.63497815;644789.3578148;357950.93235304;582364.44949831;388777.65873787;450391.29980689;467785.57881455;399143.97943171;564882.65445439;494007.82864197;387449.8070544;333173.73297455;463466.62571081;291343.61423478;492359.40578311;735217.69816042;557349.32192284;353545.95854061;419011.69519399;390393.76835435;532182.40489838;489207.74338527;557956.24676813;577871.03882793;784240.7246523;508009.74035358;501169.49158041;537439.96880326;578041.98090968;377394.07492565;465614.58862208;414304.33205495;371534.69824741;366490.39704816;495003.10967107;453009.91975069;690710.70055396;449943.34771034;499921.97612951;592374.24254542;592643.06867067;405982.05728444;580250.10985904;457001.86218972;424710.30159044;419375.92778098;409756.84665709;530341.42295042;572535.14386117;682867.20152981;656241.44861139;445229.03345647;694600.66815262;756975.7922163;425736.65496339;584471.05795689;362702.99703868;346598.16369057;436277.73525163;394733.12667002;567612.14252291;519190.80855183;660651.65863198;542287.56703155;617491.4598164;733328.30096822;542713.30983009;552528.22076605;373701.52973498;466314.1176282;396240.72555754;596167.61384838;504557.3412304;512789.82484501;709352.83661839;537580.81687885;740801.78609258;691487.06022537;588681.57672112;426113.74362697;471614.49430391;480764.53129571;467783.01411945;599120.70905148;415863.59465817;674247.27073049;460615.79020881;613972.80926463;877754.07014475;591553.96406754;445816.76712663;402239.67871721;460092.04370722;630933.62329127;392053.70891701;651347.55993933;647574.44245598;609930.45634683;826634.14595781;617661.57222081;420983.58233245;349082.90166042;504824.35669346;434697.43928784;521437.99064748;421505.15911702;507315.9403834;526180.31498026;631884.69564264;661812.12197678;336279.09353459;411904.48402958;469929.11618479;444949.0312784;472930.01253509;458668.37846344;618255.68080812;475764.69936376;535002.42924967;776754.62912505;384398.38557354;394761.90169085;542422.88337291;471389.86669805;394602.11141945;591185.05192799;582616.23401041;689048.04091439;756047.02916158;350080.96591558;393312.76629041;421761.65380634;374309.57436572;451557.31184687;556985.54520701;560034.98587992;560552.26921926;721211.90409183;322972.82678442;403276.51698781;347421.82213006;431815.19231511;515638.69815308;431708.27223427;458130.93371061;504109.0230602;626953.4687446;313246.86704071;453085.36887613;401392.27717999;390215.95733377;547406.21418532;602928.78731095;664557.15378766;640883.87085078;289528.41417229;336725.8232163;370973.86479173;410992.15268058;637216.59071763;469158.26725501;545536.67284559;555317.61267453;486127.4163683;447620.92978962;458585.17224504;644704.56524964
862.60026234968;175806.69769384;279161.37872592;224795.79038563;220375.83065345;194355.54573686;184619.80234055;148361.79146512;139892.65019245;154250.79199036;202445.27773506;244592.97855861;266558.74768067;169798.6820533;197557.71323151;179121.31013458;235706.66266681;151026.63991293;221818.40810028;167602.15746451;94780.249992971;143489.34216656;182467.92700051;153110.70409147;209147.52416894;182066.237978;204519.84319905;285052.73030661;271061.23788626;283084.13618532;182764.25652143;160305.78521206;149604.94900469;173307.22333045;233187.25684241;249275.57394647;182582.88882975;56962.941265379;117620.3468531;131033.30914784;128222.76220076;112616.62307208;135123.80214432;180868.00954458;266061.42505753;208917.31193569;166640.2659913;144755.74251591;129495.71081384;126180.5775238;153474.69199925;155086.96610719;180338.3081465;236801.34613877;78730.703174575;121503.75176887;172366.38997853;165183.27763307;160520.66684275;148000.34209548;159005.36986346;263027.06487793;227095.9846187;149571.55400566;147154.74696438;105930.9349963;118353.01826176;142246.14533773;229357.08065754;220435.48115771;260493.96302709;60830.324844208;76466.188876111;101521.42785106;144063.65968826;99085.225696326;158234.69734966;118298.28526182;197236.44957304;283067.19103763;168017.72273269;215038.72713633;109687.16590994;152718.15949002;164060.77625541;137279.99650646;153212.98437154;164568.89732239;177228.58114084;53059.407208011;47041.002489701;122772.44387139;140284.57936639;101242.87900532;146089.24572689;150077.384127;246157.0165976;286459.06153815;182043.52839642;281453.21488027;123137.59726356;151676.75411635;126062.05240295;119390.44755653;179798.61303094;178220.54771109;145443.46754933;36306.058707055;52672.757440654;174078.21145793;137144.39945248;118860.75579857;183440.77424254;179922.91782227;253886.82202016;236016.82351638;282502.92436874;284009.83874413;261138.56976675;155236.21833455;83407.573678006;125560.99831825;295030.75934491;300726.97252205;239132.16634748;96740.18358828;152633.8600548;161789.91509779;183797.3654784;144164.03387322;267514.05985211;132806.86811208;219014.69853006;285619.81749864;283538.28601787;227304.63016378;84832.629075157;84776.963969471;109011.48211994;286198.12258672;114055.05515093;137606.30360171;149452.52589344;213027.31507659;232586.91424712;251714.01073603;201477.41475992;233196.99610593;167305.1199859;292070.29400208;244268.69618956;126089.0017502;77366.356156703;122505.62925129;186885.74196398;138320.73900252;127020.63792222;181282.75701594;260807.4316667;227229.07068919;249311.01690114;161164.55569298;167467.93382024;206564.08638523;161048.52262056;163203.86912158;66595.953713549;137048.20799378;157541.99245971;133570.81228115;272542.78727086;232546.74763952;310126.59325105;162445.08449244;168906.3663899;177014.71665871;219019.72483382;213728.3930602;194941.78173405;153811.87549495;105358.86358487;144149.92738914;136800.79134528;260290.17430761;185040.0016531;177142.87137614;129382.26244411;159128.20005153;126664.24741967;154189.32976305;186554.33517662;226035.17722255;95372.039735704;205276.67080073;134407.80047054;262690.0704809;267218.17275203;180248.65915385;233458.14555882;185661.34737068;156716.01345786;169837.76241971;212632.19537854;151349.66973477;121975.28362465;133307.06394197;343869.05104552;226377.01479232;262017.66405551;227955.70958056;184679.22084244;126942.41261273;153222.8364778;178009.26609569;228059.43573101;148699.77950829;145309.23322138;233057.37950773;181365.12094603;209264.62250488;208021.39613374;104349.114367;178154.07275693;210696.86705059;198174.84957737;123870.96805121;146137.14448311;240260.14429453;214911.92370098;239731.38832348;184007.7407366;144558.63594073;122966.54578015;141237.84948641;212731.1822959;134057.75076957;158628.59224388;240126.1553095;198666.66746817;244704.12310911;238956.00018905;195083.44787902;220043.28236651;158252.83557716;158185.84383855;97538.090450325;160191.57863037;230757.20410373;271376.40738143;324763.94953121;139718.3237635;111171.43116658;160911.89464463;227885.73264767;128521.78384488;181615.25768903;242770.04163916;339929.19898069;325101.87229588;162928.57048837;132591.79245086;250255.21262341;232824.02510903;132684.84496418;136237.79623464;265159.04117433;361373.67720869;179083.80611487;308244.86685914;226608.99037045;153213.21365276;129926.71011821;101956.30664697;107361.40775644;217646.49148042;345249.71595628;241139.70129045;196851.37352413;216043.35494368;136623.71400909;105000.18847027;90601.59534627;206509.80929184;260859.49480261;273627.55137743;251245.50906996;227574.06395221;95570.078410997;120300.85419301;71098.724558343;163414.59989839;96066.317908471;68116.730852787;83989.753264701
878.59496486224;692092.5404712;1015198.4542527;840483.87322646;993317.45094925;788346.24583893;829755.69503249;720788.97513699;678998.73203989;469296.29122595;880481.88322715;1089956.0261183;1193482.530211;861959.4782377;496857.83862588;498892.77477992;827588.32279536;786507.00861326;1119236.1960741;724231.87846402;284302.2209261;447861.54082654;531674.82368263;527219.91271814;573446.36830427;721339.97119036;781320.15999918;882849.82515091;920073.13778601;751915.75736044;481989.599387;392717.81797609;456793.98602383;593652.067378;872108.65797957;941663.19493817;848467.00936697;215590.23897196;366110.09962192;598330.35576368;445080.18363852;274156.42094379;607181.14715592;792310.71484275;1034644.4944376;953877.14411078;666160.01087476;494388.4972936;398429.67643078;424097.57545093;522542.74703652;796536.09804944;963321.99024381;997985.73344157;189754.76505826;420457.43955165;664701.39561519;560381.49282827;576132.11380204;759501.26031685;629644.1900154;912703.48451238;1134660.5734617;559595.17453531;507981.95622797;375003.48961785;402716.8830921;550457.96636224;909197.64653479;1107654.7027986;1071459.9117542;212130.87140517;213691.23028925;360653.41188257;643834.75347561;304401.38703842;613365.9774395;496604.81726126;689471.43360872;1078649.9598165;795734.31502128;731455.73347211;410010.34914423;455068.44019601;403174.83772689;403039.47975712;778441.19060972;663788.16339982;702681.66672228;198542.43616666;191051.57743767;443712.07025741;570335.14873284;298252.46942282;542414.11811612;589877.90383432;910470.45267727;1278696.0617315;907739.56732022;1149129.1195707;386792.86675771;433026.46500749;382073.70526992;482025.4982416;826754.02334659;747904.23371194;596581.75591924;135068.95897709;158430.61607481;574098.19449726;485273.68214554;346942.04002269;624837.70250102;883588.55560502;1038687.131123;1067471.5721727;1081793.1617821;1059463.3952539;960786.77958219;427852.70239107;326446.14373729;382594.63342891;1031886.7554768;1238902.9744369;965823.8502187;316188.62898015;536108.43987183;604179.20988493;842554.41592751;730036.47371768;1128862.2475302;432319.50017194;943811.46894738;1275224.2393769;1084112.428509;736980.96623847;289685.68434904;351296.80389363;537441.1816529;1121144.34463;658428.23788793;622318.00111009;571559.28803825;974255.99833493;1035461.3943061;1291841.6319641;885678.8075932;1037598.5753244;756332.35121658;1058172.9243314;1028937.1191999;435718.98272517;283138.48605414;519887.50266251;849286.1540377;592590.44084443;602414.69463312;783105.89285423;1144367.6854329;1242715.246504;1114637.4662926;778221.43931325;813421.42203258;910247.43751485;713051.64809348;602025.34135351;252991.72392925;478039.36529911;769836.81755104;636942.98232995;1121615.1700668;1228769.7703115;1355406.8101797;1019500.0408483;798414.46011665;692431.4116723;769693.48687034;848130.5849261;755844.10070417;527232.8022027;396200.87787627;834222.19529482;591803.38034265;1074527.237113;1043957.3116671;835602.0645666;672605.43816613;687959.85325531;645630.03824073;553173.83589348;730264.61048128;666593.37475267;323636.40729976;871491.11092542;642268.86676468;1225990.1092418;1101133.9109524;921546.3374835;963672.87434506;820063.31441405;678083.76278621;653472.84635556;748200.10346005;463572.46868266;447376.97718948;527973.52934398;1417242.8328711;1285541.0507982;1247316.0251922;876178.52503874;851186.66696679;535836.32236798;614630.62991767;627463.23378394;781866.35840367;528948.88957317;590625.258604;1052253.2076864;1027332.4366362;1004884.0113516;869219.35212462;465763.76244651;644167.25102774;791886.46456331;695900.12221518;398335.13359486;685746.76677727;1075546.0967818;1020527.3809672;1059941.1204536;956619.17019187;587792.84734759;524037.23272298;577828.07980685;766175.88683961;396981.03869041;586522.43254782;960503.51793957;1046968.9590196;1015039.4243241;1067753.347074;815161.34151469;944702.0853297;805308.84525738;537665.60487498;380404.95521608;567954.67881253;1075807.2860491;1205809.4621151;1296025.8405273;655475.45939253;503365.86481515;710288.18652812;765343.01584225;406911.70256049;542917.81610412;1148873.3002578;1236655.4315858;1182430.6685266;820737.22689967;707439.75254212;765693.70358986;860126.43006373;519405.46269927;373393.32579802;1101094.0781407;1320874.6728969;807700.23451373;1232785.4256561;827941.6923375;734985.7214939;684940.08849191;338365.69670443;272687.7377945;954927.81832615;1249616.2250687;1048656.5383952;821782.7133158;775519.72842278;516210.42741157;361357.32885756;316093.92255165;931260.91876769;1112753.4173908;1098256.3882892;1066211.0080322;975462.23295362;419150.497192;315852.37241875;284995.76059402;679725.03221681;429357.12124274;229520.86620271;276124.39129962
879.59733670623;369911.27877257;494208.71487162;405471.45149192;465023.55175739;412186.44157052;416575.3144385;382426.36477263;338249.37166907;228051.14308474;447531.72711097;517791.0148129;592716.03317679;447872.90429366;251804.41588146;232775.34645406;409699.40503232;382518.88409106;533497.12469139;404332.0736402;130291.57065361;199028.31117549;263857.92566141;265784.9981379;279792.9694996;355338.53163218;382401.13258428;454538.13302328;466177.09305499;350116.24107548;240305.11837989;172264.62121207;198079.12112193;313184.97033141;443695.2445712;460828.74828986;412440.3479286;147876.07735791;169909.99573122;285706.37328077;232738.88381176;138173.79216845;310967.80614189;398030.90186157;512097.3780401;464459.74227378;313594.69081348;253589.52268443;182159.13915167;195900.76856588;254391.89235929;418473.10702107;507959.2741434;490225.38649552;88716.364372505;250155.231991;335252.42072467;231564.37548391;292948.53084235;382077.69472821;331559.09269535;509464.14858296;596096.3908017;295052.34651786;229574.12423122;175295.43968397;184288.94614084;313267.14259076;474278.74633946;549463.400732;512843.28660471;76259.983734062;90049.543281087;220409.9371808;311271.21803514;150232.91101649;322442.23289637;232510.69786184;359345.73030475;537186.23733898;395157.8912147;362850.57684064;185191.27577998;182686.27551974;172295.25200846;208629.68613365;374843.44339967;333155.27588344;374682.93810613;86877.607880273;79709.322264272;191664.14897618;288715.33542679;169283.87246901;274397.34564089;314700.19043375;459827.54939628;692845.75615422;453796.29551971;546001.48042821;189284.43745347;205691.21119159;205430.35829754;235737.95019001;415892.49134449;370339.70901788;316070.00471632;57651.236301062;79472.729516751;286354.16076418;249939.479982;186461.52161769;319181.06240158;467320.2886161;528031.28922909;514564.00653812;514325.45083098;515686.43902121;447254.21336065;239840.71387631;157583.6007576;194104.33474356;486539.33741874;626218.36827226;475828.7077437;148423.91109756;259420.93632017;323939.04917404;413031.32018361;363031.44323608;545358.67168805;222261.2448519;472773.02788114;656830.08575659;563064.30622915;348042.0771188;172474.45870422;164290.97598194;246385.74168166;533239.343714;334546.43043281;287444.36237559;286462.9487835;531194.76420456;521521.07134514;665799.91102413;466414.50149602;501404.17944631;350391.98202963;541070.17126982;519863.9960273;215745.7604858;145510.2243342;272733.68077032;406682.20687276;296898.84542737;279419.92623231;410585.20279854;598261.25687552;628448.08407722;574604.28180268;441937.73563311;391565.65126107;435342.61117355;372021.28574054;309473.4111511;111535.13892685;232903.52599339;354186.53612986;309719.32555361;558743.44281318;649348.74828057;741665.6139179;492715.64442161;406979.0185526;321595.39173569;405478.22397846;429078.55054733;389786.32706332;241298.89371968;191029.80586884;412884.76308723;279095.68816125;548227.01143032;560375.17529416;424520.32209796;346660.06092271;362765.82175048;308604.57890294;294933.18573843;356491.16366482;368702.34270114;147808.05870507;432070.47742106;346443.89043068;659259.02943126;541338.54393193;489935.30396457;444773.38847016;405126.37533326;338425.16637727;287793.76286841;359265.45771278;254395.33296495;242699.24704895;273406.43232293;736217.91457408;644312.13568285;620669.92978002;430435.47766935;429584.33035512;255554.28751779;298211.55126677;331991.68930475;376048.07271831;250126.11785621;316306.05088971;512538.71201477;515052.63766909;524040.02081922;438077.54244331;228033.56857311;310812.21335357;391708.02599629;334013.79701873;172362.90902259;307021.95944098;535199.76824307;521061.22707711;521071.77531705;456065.90606297;277690.70578684;248744.75730211;267195.92745856;385675.53914973;165771.38317591;281002.4719614;507642.94289414;510720.95133576;466336.35457636;527152.45278386;425946.20626729;470602.60281395;392506.06892447;287601.90369931;172869.75983901;274757.45303441;566920.25686863;594746.59838188;650819.25944598;362265.91580342;245155.08218469;300996.83793527;385711.35884409;194912.77675277;280035.53155449;590580.41398138;630562.0532671;586723.59633974;415960.54571304;374301.21406538;398551.74274406;375044.16916968;259200.27650047;168590.22431048;557765.33653978;695920.24626026;425058.37449874;609952.33148377;421983.88581351;360546.57248105;333673.74539418;173762.70465871;116670.97703663;496131.48757714;640915.32110907;523297.02303635;422255.79857377;386626.19413699;259501.26242423;156952.24123608;162157.20210766;494022.23443758;544480.9247026;555884.98645318;496698.01695594;484612.29809249;186357.08414484;172639.88654415;136431.18989717;356154.87868475;224068.75164591;103424.28337823;132819.74857646
883.52566616065;448060.90078776;660682.10709218;589242.70181283;563544.86100402;515833.30847321;519643.0238445;409923.73552302;320670.91951315;197388.79266807;395481.02058076;682934.62788328;601910.28265043;472044.84485305;198838.11104662;374242.81028543;538425.52091281;576277.96758353;514795.41515413;480177.88783693;414133.87007301;559811.99171738;555389.35004121;626950.90463535;602116.10257709;516701.66262821;370449.92828554;207788.68601792;314526.26882417;279126.39601047;237711.98916817;198820.94589126;304539.35706296;472396.59238689;606971.08916998;723527.95779624;673869.40865087;440738.1734961;382087.10423079;617719.36010205;529652.42033291;241077.5991425;464308.52739914;623867.71212959;443587.6556523;240896.99238071;278234.45363444;258622.26367467;188825.23028818;287780.49863072;316565.20289719;539386.95071486;441811.31365729;478410.03445793;457560.6496451;383566.74004121;570881.57959259;735346.61891034;767380.16988036;681705.66786306;537300.47576043;388703.56150596;441719.25056194;329569.97441416;283250.00880617;295852.67488695;291562.17582234;407600.56985675;633222.36920777;458413.99550598;402505.7270099;513864.28278032;501629.70213414;410649.21681877;686610.53454351;581060.25642995;792381.63800916;607444.71015818;674979.13392471;452286.46827369;394433.20071261;443931.0295306;239250.52924757;375801.17285606;282605.79015908;331395.98273157;651021.84301657;609742.85973294;553274.58495564;513626.61067817;446296.41040713;514620.35527478;811066.48038283;449668.87616978;573445.86880291;635430.82230253;561040.94638771;458470.53828834;423678.10941527;539434.89457806;290011.72977816;276833.41059931;289818.51888686;383153.29719306;478487.70774438;548540.12705636;571841.88478437;467110.12860051;537162.25069128;527288.39612892;613400.56485257;441012.48315047;763162.65307785;616039.23032611;487815.14733332;524238.93853063;560271.46331562;505910.75898118;493106.68157504;344013.70764873;257467.42819227;348014.3341311;445497.16293811;284763.65689457;452820.82248647;367367.05280394;499891.29080398;686456.79954396;607968.5204026;419974.25539152;552955.58308028;242939.98197328;491314.12099943;540503.31271937;468017.1793725;450773.36872459;319570.50967227;330899.5675155;356558.30810839;512624.08238916;439250.41437269;565702.8169798;648076.53346517;556841.50244352;343757.53600759;380342.71202313;353694.23172473;526634.80873862;474263.38337475;584557.84328594;539866.48684608;520680.74157719;317321.34021368;426932.73289695;666376.48910184;686363.7769689;403772.69914304;472323.95142889;348347.69219828;348014.01153766;401125.59864829;461650.75322246;455132.56336398;663211.84979828;424911.35714845;435525.23297449;304842.1652494;402409.09411173;488784.8989167;704590.05985154;516122.10201713;387697.74964865;385219.51754431;429442.64113299;539903.13150364;595293.66830893;664264.86091446;643795.01938864;430766.84204503;573355.36258031;462783.36049623;542902.59145377;613024.43830512;330971.23447492;361900.16378512;436073.74764458;398605.61586757;511145.63012776;474668.27767246;609647.17705128;538988.90916792;587116.99076234;459859.41730116;603037.55872369;636674.70478672;391276.82471734;493404.03809128;472373.8004624;572141.73701232;544256.57733554;547575.699611;675596.9907239;571407.53516685;513729.81619648;477026.14364639;678738.41224799;410405.60646851;491138.43764381;539128.51132873;582804.17486307;657853.87814045;482256.2844649;679283.94618254;520007.82225774;593489.22157584;605378.7339992;720396.75943293;460911.3533159;472265.21804867;556218.34778646;670155.23344711;432271.32340414;693027.65212119;693484.73457699;630034.55770932;558330.07000388;607019.20470237;466328.58229765;408134.60810423;575749.747616;525128.85376073;501293.84528151;419350.34039284;570960.16473396;591998.29875801;475311.49217021;645828.36407407;371785.0955632;509201.56401728;552273.73037089;497949.08162416;533581.71133154;571433.0335875;638739.89712229;484923.00769454;482607.21193607;508988.53103852;446811.9468877;443085.41002227;519455.45526309;474111.05689449;390068.32541644;624099.69669908;624154.93723871;490535.29032681;562755.82659565;404540.38031047;442699.04468207;418783.46556464;530119.79416272;555602.7507642;570801.07334703;537109.50875597;501121.28785983;434653.48139147;332390.15026134;434375.9731749;393008.28391993;509907.24946502;636521.42856535;487527.74178279;477114.09504194;439324.17463176;402720.50316334;316782.45580041;491082.66803468;498928.73362448;457907.75343972;532822.03498299;546823.98729027;613834.55699941;560779.42017419;333405.63125643;409410.54835902;440753.64124053;476156.31884647;682453.71956689;507602.68690211;594137.67142761;627795.41185207;593781.66839234;575619.48665102;493110.69340531;614692.11791218
885.54088841747;2763485.6393327;4532406.4860547;3636223.3684568;3366383.294219;3360715.9754561;3190587.898076;2402685.4222351;2106218.1764992;1293428.8577019;2810129.2908948;4278684.7539301;3845783.0122468;2859054.0045423;1786007.4928032;2688914.0071527;3466485.8699097;3674227.5246842;3222569.8331025;2748201.6262373;2785483.9993896;3337369.9075944;2576301.790984;2799549.35732;2624261.7763752;2852547.8795673;2060500.7061663;1501942.138296;2026048.790447;2001788.1100698;1721719.3682163;1625608.1370788;1930344.8798945;2768199.3648107;3764383.4705696;4352627.7970263;4103700.4039029;2996916.850275;2477817.3041934;3075601.1532059;2269461.2012895;1023419.8736849;2413361.2772258;3156652.598427;2626167.5170787;2054048.6438669;1988116.0406031;1984752.8587398;1689343.5837367;1951020.1934327;1917251.6149111;3446677.9535054;2791176.2237731;2935345.2231273;3057018.5791569;2542265.3780382;2633532.2548266;3302432.0943521;3091925.0555628;3434127.77198;2911966.9493761;2423402.6792178;3112976.5976422;2281840.6074145;1855984.1776839;2398440.0858093;2093093.9738752;2181093.6560773;3990490.8794108;2859471.5938174;2573876.6945038;3512198.9622386;3344024.3607053;2788839.7313017;3113670.9172637;2587726.2900583;3130860.044467;2819274.0024064;3785614.8630144;2927160.7112433;2756135.8585147;3295200.6113231;1785943.6000372;2866651.1210571;2101157.6804425;2144498.9651743;3827539.0876925;3754575.4551177;3452459.9683278;3813080.968442;3249130.1024425;3391298.8157148;3704860.4637735;2147661.7709643;2809368.0500078;3413278.2648112;3549157.7193953;2952394.2536423;3005893.1768658;4405727.312966;2130533.98111;1940928.8182639;2310588.7566148;2712482.775087;3125074.4772426;3422084.4314903;3361231.5087266;3201210.5742191;3947312.4888335;3473735.2008525;3344903.4199325;2268007.2572859;3775997.5088503;3403468.7038954;3236016.338485;3872941.6553874;4155205.0907882;3911385.7772556;4194797.3833525;2493228.9624998;1734052.0766005;2748487.6371785;3251236.5538452;2165859.2729406;2687121.1226321;2197056.4574118;3181796.5858266;4014664.4577671;3548733.7098993;2327788.4558932;3712216.7642282;1784974.1465739;3649229.6845638;3912042.4292151;3634177.2766086;4042373.4381306;2287272.1855128;2373671.4455075;2516605.6370768;3625101.3505608;2474416.8965282;3131536.6139856;3869947.3540684;3039580.0214035;2250433.2488161;2544904.8476592;2764623.0425388;4220634.3200416;3714645.7276619;4483702.7503367;4590922.4759617;3920032.3618172;2376620.1201494;3008417.4461458;4190160.6667229;4046839.6545109;2542131.1192656;2754691.2704441;2558965.6995604;2582521.4870559;3224389.3802168;3428737.7443431;3569844.6130134;5047911.4180996;3397489.1069903;3624078.678079;2511856.9515914;2868385.1466832;3177609.9353691;4271118.1637432;2977021.0570359;2772074.1256049;2877611.6464892;3115901.5404719;3702385.2929282;4203921.7876386;4734932.1755919;4938569.8324791;3310206.6292875;4590364.1610069;3353706.5518258;3524465.2651355;3810391.1002074;2409760.1872177;2437393.4831534;2827280.6261024;2928483.9041606;3716070.4391782;3485973.4581574;4533514.8585998;4058093.431867;4816123.7854022;3517177.8035897;3870310.7461886;3850664.7586079;2790068.5167932;3408731.4267013;3188670.382948;4155170.3139073;4008624.5869014;3814521.1473869;5037967.2171887;4218483.5074896;4003908.5001735;3775697.8013357;4136065.6383836;2781828.8702168;3360671.3796119;3883597.2723486;3652189.7585061;4402001.5973017;3502374.5843417;4857648.7140924;4138660.6778337;4698562.6593354;4725301.535453;4462909.1267763;2976830.2420423;3240425.6712717;3687901.8596532;4677027.5838516;3155047.9811389;4955300.7630583;4970104.5502919;4953589.8141605;4148391.7590659;3939796.1014334;2923556.6450829;2747094.4809896;3953366.4601489;3763487.301992;3615981.8930266;2999783.8254791;4294037.4918054;4587946.2977397;3855473.6911308;4217089.4811166;2481508.4264137;3254000.1132372;3580894.7043249;3592778.8738132;3928544.0674886;3985855.8538729;4643556.1345985;3531760.8764897;3794175.6168097;3815428.7604553;2846512.6088214;3200738.4910415;3981730.0008006;3263199.2633129;3147481.8244338;4535809.2488675;4823675.342489;3844694.0148307;3788947.6684444;2558021.8754186;3055979.5966229;3321061.9951546;3763033.5634708;3846943.5134042;4325829.4396516;4124152.9849335;3793172.9320602;2979380.0552596;2503320.9599514;3228288.9184353;2607551.9090855;3684805.1881289;4255107.5962344;3553009.991289;3468169.7361745;3192080.745037;2851249.1142143;2237585.4542609;3421150.9104504;3467791.9661586;3533529.9635095;3902469.3937888;3550463.6705294;3784481.8420477;3497842.2921385;2530141.9392031;2957209.8102299;3141442.3930761;3430309.9815929;4577306.215587;3273534.5798601;3684898.2909926;3756696.3897674;3823561.6910757;3486125.5437961;2805753.8596867;3821902.917872
886.54472079156;1469547.411834;2429745.1667224;1894772.6038367;1822770.9180058;1791524.1668561;1697759.8929696;1225832.0629049;1128630.9356041;695121.68613158;1444805.4199834;2297788.5438986;1986103.2219701;1567397.4909081;963411.292966;1409749.9845033;1844816.2366571;1911970.4671473;1742303.5630389;1426962.5438144;1433376.7313187;1775651.4565093;1284480.1803348;1508678.018182;1383640.3475516;1489213.8359344;1141544.4655228;781444.85135005;1099497.6867566;1063798.5634341;925252.7249211;857969.48414995;984862.7384707;1510474.7272287;1870592.4410463;2333541.0653702;2156529.6187787;1599290.6203229;1216899.7442277;1639251.284376;1219312.4288502;558989.90911028;1294123.8712118;1646549.6882281;1295671.1580057;1095806.9989384;1012062.7441492;999636.53637571;890930.93672256;980384.00362471;950400.39017088;1758053.6142832;1542824.1508411;1578524.348716;1605076.5850399;1246341.8222775;1398265.5278122;1760190.0640388;1650235.8992431;1848752.649918;1482767.4527599;1273644.6862613;1652765.222719;1170262.4069767;961758.90395945;1268330.2028065;1108000.5300143;1130402.1968352;2091216.3007429;1603087.1439067;1373355.5903275;1784201.8063579;1773683.1740168;1395108.9006546;1735681.0756312;1308023.0881714;1651793.0463864;1431448.0584742;2064763.3048923;1600606.1773913;1422237.0764325;1778995.6993029;909382.94482312;1556339.2137487;1052747.0371918;1080350.8064977;2000067.1983156;1975828.0114549;1767228.8894671;1963286.2311525;1768515.5281524;1793329.2845317;1958752.9588486;1109773.1294447;1383182.8908457;1759644.1318953;1856247.9550818;1605562.8845767;1573843.0114976;2312084.3099027;1158313.0420188;1029426.4236397;1244335.3334269;1410775.2492726;1631870.7750498;1878282.0412858;1779171.2259368;1639850.9190463;2110233.6067165;1786632.9129357;1723862.9859744;1133076.3609754;1945066.6692265;1798254.919619;1633167.4230356;2065284.861815;2188554.7980624;2011003.7594699;2178807.3367176;1321598.0197883;902710.98587452;1361413.5998256;1682228.8511574;1129938.7194271;1422229.7137362;1181719.0035556;1614148.4401624;2063595.5196898;1883460.6380167;1218063.1505247;1972639.4734956;946275.48274733;1904368.3044154;2133276.2257789;1909978.1785564;2123104.4698258;1210083.5296599;1222875.0223394;1349500.9573961;1897617.4687021;1301690.3554413;1548455.2396043;2054913.0596407;1633959.2471267;1202983.6501142;1342718.4597967;1505872.9076921;2189551.2744123;1888950.3411104;2385801.5405996;2410493.1114173;1991278.1116458;1222327.9811852;1529601.9629787;2213604.0816025;2178561.6968829;1280188.2613898;1445443.6789005;1376648.3432922;1364252.0813212;1667372.113343;1733161.7495165;1883767.7385954;2679081.0705911;1757253.7261726;1848147.1165813;1289971.0800458;1456435.7041417;1660898.832966;2162803.1528397;1526772.5329109;1543747.5297584;1495992.4069255;1637994.0591137;1923007.0057066;2147137.6877539;2430534.7628897;2573398.970506;1725153.152386;2436891.9730431;1797505.6357502;1904442.3224588;2025250.6911827;1274799.5215649;1281688.7349972;1501931.2278128;1491332.8479658;1930772.5542901;1832473.3605283;2357957.5021905;2079664.8488234;2578064.5464896;1843205.097668;2053302.4686545;2064669.1131181;1467319.3535982;1751745.9716868;1693986.5340899;2187664.8568588;2098942.6560972;1992346.0889815;2580019.2825736;2264765.3774482;2105933.2335132;1950177.5009665;2168698.7842309;1503170.7743286;1734456.6150241;2114551.4934301;1950506.1273064;2355654.735554;1792987.0372615;2468113.5059051;2153336.1465577;2561806.1144274;2484170.3886793;2351740.9554459;1609856.2745876;1746082.9149683;1947466.2817917;2492450.9657843;1640516.5494466;2568762.2924353;2665634.9291883;2545261.6184343;2146592.9644889;2084993.7155436;1556219.6519994;1433146.5635944;2097207.7546396;1960321.2340617;1858303.1841736;1527921.6178514;2179062.7989256;2404828.4032465;2010235.7351974;2263525.2278385;1333875.7373448;1756773.5616743;1915781.8807317;1876105.6834489;2048819.2068889;2114553.3586097;2380724.7221281;1863490.7543537;1999164.6947821;1931274.1434285;1535828.6182454;1720771.3701414;2130785.8720024;1672989.5088471;1612504.7362953;2321077.7134144;2530410.3304827;2018631.4290469;1947975.2450847;1401457.4778899;1668572.4964738;1735940.5685051;1934144.2148421;2046171.3776274;2292940.5877608;2211544.7033006;2023268.3378246;1589830.4188597;1327738.0397829;1713468.8600283;1390519.8061191;1908727.5150756;2233809.9860073;1858804.0019292;1960794.6358935;1598929.2889381;1480195.2676467;1160550.9081635;1832441.9590299;1824843.1312562;1761810.6258289;2041342.5063848;1754272.0359671;2014125.5100802;1834991.6912512;1253718.7567414;1605105.5431932;1618564.090241;1779084.530999;2360079.0477655;1763352.0381093;1845503.9673168;1897784.1118839;2007904.0784314;1739325.5516717;1465267.8287865;1991482.4256856
887.54720840312;377492.77266856;663858.63843316;523626.65993269;480760.3820524;503566.85112855;461120.99237572;316503.44398927;307990.38899522;193722.33925031;426149.51188067;586613.08701797;552842.81964622;390653.38764228;244894.1940671;385638.41167979;519034.18791774;490737.85828525;461251.85568489;355407.94592449;382558.90465693;421969.49240074;355138.92811706;404160.8785523;389269.10409539;416483.1460607;310160.46861001;214150.1015143;308751.23909311;277907.8413108;234767.0521945;238761.62963856;221515.05642747;396668.65501372;543780.09658481;646146.78293659;617193.46943013;442093.57106419;347198.21187642;473484.3949518;285261.33638494;134519.8100412;313339.62895971;455711.29868797;341695.00959183;248769.78478617;261000.39277437;255169.64212339;217640.25379643;262823.07589625;230047.36910275;519010.2444311;423983.19275813;451759.07369669;423602.51032341;315402.62885233;396385.79580856;477576.43663251;420427.32433917;484959.26000127;391406.09943581;298198.2016424;460384.16140368;312835.90694778;249534.56876646;335727.42156719;273195.15059601;298182.64571025;604788.55672143;459588.43903166;403758.70950344;503163.42427424;486820.18262119;392964.5044496;433301.60124392;353110.19909063;441408.92976411;367655.34412849;541506.12691966;439154.3627083;414657.51700471;455953.61353533;209400.41942057;399311.85203923;293276.80838941;283853.51704733;537970.85728036;552633.07047542;497885.71276609;553660.38445529;455199.69286421;469833.97179469;541252.35041237;288889.19210856;379383.90645359;479005.32112886;535108.64422257;450169.01892397;426917.63746416;602735.53458998;275404.52596518;226391.06718195;328466.67770188;366166.08401049;455883.40596361;495707.28153451;489402.13504082;468265.57426101;584864.3931744;516536.75147373;477718.80662858;341296.5680047;568611.04029519;515574.18103399;443480.79730451;559730.17941691;622940.2467219;543873.23989307;546168.36622924;353723.87952373;236881.73505941;366171.52885767;464716.5513137;291593.50938429;412444.45581023;340302.64711284;441153.26686373;585212.34087234;501237.11243925;348248.60265468;537788.72713874;247219.56979397;536718.41672469;566012.069125;510608.13301975;570398.39936181;316420.18599684;308640.18821962;353724.55443011;492429.33980821;351665.86728056;403345.42565826;543616.01273655;469929.59886316;329630.72980045;348843.04913583;424155.02428061;603660.88864849;531896.45560274;655417.99029233;673981.18314293;533957.59887971;305537.63985108;458296.25425589;607139.65436762;583735.48434794;347647.42300039;368200.41589803;351898.89693322;355151.2139857;460612.73505961;470747.24714994;473002.93767154;765407.1522279;433853.79423568;502904.87766656;340639.25686421;368657.92441308;488156.35040639;580545.84098652;414705.81090309;392506.3192486;438075.71584416;454224.59559297;540435.39471617;595660.29088123;691184.18671349;721221.76315;476708.63702124;650954.66526813;483167.26844122;497730.58771284;530982.96376027;376775.51230186;362851.77421595;394375.23034705;432686.55103057;557634.34540361;535873.16178792;655878.68320881;557561.47989863;652848.89682893;472756.44111802;549761.46349535;549544.30537981;453028.85626382;490538.31674376;438158.19074422;609193.18550522;555113.31726671;565056.60064574;681194.51033247;602626.83873804;542151.09768063;497908.66891735;583586.08780802;398799.79857251;509076.91322243;565420.76472248;502778.82374724;617006.42122855;498953.89763216;685659.2415563;566310.9093777;677117.79096185;628448.37581359;631685.50833012;459910.41396928;424619.87688879;550562.78689647;668694.88771744;431115.06202294;719564.01932776;739121.04550717;671562.20335553;551450.651732;541548.44038264;417085.80160423;428807.34313367;592400.20339782;544486.35907444;495730.675012;445699.07150302;583690.58517266;668547.68975041;526331.46553199;578355.33933992;353759.7540389;477538.15096457;518579.53279992;524594.60230006;528911.82190831;538564.88013132;613953.40075807;507104.54136823;528565.41946913;503241.68571487;409718.2231712;479383.31729865;600506.07507027;452542.19074793;478139.45401835;652176.78959364;674122.6789361;542142.9825001;546846.56083932;390247.2719865;475038.12680486;483309.81273614;566172.92886171;535802.22732891;636955.65198197;595157.07538869;509814.05762152;405119.23207446;399518.87666757;422998.51697709;367493.41975241;528836.81321835;617677.41251884;485312.54468801;505724.16416613;458780.66183868;397449.9677521;338180.97757441;511932.29806184;534338.24236853;492852.81762265;573539.46207942;514393.64496279;552981.22113205;518400.40952046;376947.54337352;442429.78019548;480156.08716622;484829.49716845;681624.55615072;493219.68283713;508685.2636818;536229.31491633;531868.72431507;482608.97834818;405465.55019125;540932.48751853
888.61551962503;3201238.1708103;4359462.628514;3741764.5017134;4023850.0767152;3414538.4087163;3476946.6570622;3026825.6737975;2879166.1238227;1948109.636751;3566046.0345123;4522269.4564469;4407112.2016763;3673097.0655214;2402233.071351;2392429.2827314;3415511.7345966;3443026.2706103;4339964.084128;3163529.2154593;1306519.2658162;2163176.8208677;3010835.9245161;2630398.8438138;2634330.1307003;3290377.3544303;4108762.1322616;4718636.4102992;5000891.4240265;3602567.873971;2309747.2149793;1867433.7474128;2023196.1576912;2429186.7200124;3822863.6882749;4048833.5643476;3649717.1859453;1226432.5258448;1561735.9220135;3353148.3806123;1839145.8837898;1164478.6254733;2532368.777774;3475400.19662;5943816.6631163;5112611.6947578;2760852.6297026;2194501.2264608;1705197.9373261;1859765.5177133;1919608.0763759;3409672.0274527;4096081.3239992;4719986.8325047;843561.12176062;2055525.0083491;3507755.6464888;2170205.4524871;2361239.7561744;3067823.8170293;2575637.3222082;5004670.967829;5161797.7548391;2404850.0565834;1951031.4642488;1662106.2102545;1663226.5651196;2177308.7754776;3767788.3066221;4649639.1658767;4844218.8442239;862577.41935162;1049429.1692304;1745360.6441906;2856111.4218115;1232695.6584977;2498469.4406788;2010729.0456308;3089609.4588249;5330711.4224536;3493915.0711786;2980016.5406227;1629717.7822873;1908254.7546889;1538130.7609277;1503898.7513497;2993827.0271696;2425602.6075661;2893613.5569134;885656.19857092;834412.99590712;1986652.3011596;2559575.0210657;1150809.078622;2204262.8431307;2142522.2826078;4167150.6429571;5739420.2572693;3624650.982073;4299571.9857845;1641324.3118237;1536797.607372;1662212.5580641;1855817.2856608;3239692.682003;2941873.4673397;2321833.8353846;603502.01127828;735658.32160527;2459434.2354893;1916927.7911308;1268664.8069824;2477021.2282296;3328019.1613885;4123287.3641025;4194821.3196854;4207336.8348804;4000334.7891121;3702283.2320625;1562275.0317458;1285448.1256195;1689189.3103646;4225003.1446868;5803346.0526125;4326417.8159397;1440426.0468087;2025624.2727407;2336026.7651488;3402806.6532382;3037739.5677336;4729338.9200385;1510657.0453274;3666438.4146943;4869494.3853051;4207714.7126694;2295371.8988682;1308746.6721682;1339420.5912119;1944593.4272829;4414004.9686633;2369688.4287452;2345652.9854852;2346591.2296645;4392391.3326504;4693815.2065961;5167541.4641537;3426096.8968141;3836980.8595354;2563155.5237846;3938681.8401082;3887664.2567942;1643492.1809258;1155684.7111974;1862340.7834568;2811323.3831715;2023695.2756364;2220583.126734;3416303.0743785;5071459.3560211;5289195.4376949;4254235.9796559;2784407.5850363;2809737.3596761;3369310.4483737;2285939.9373063;2052309.602207;926787.14022768;1686393.1601887;2823944.7564722;2055119.0577372;4619384.774075;4991058.6892982;5690875.5715543;3628374.6888839;2889896.7941573;2542749.5960684;2640971.0566089;3029933.1798722;2551328.583892;1678192.9058345;1341893.99618;2766769.1629499;1782108.1605727;4268488.6147905;3753199.8655798;2960661.7925428;2304003.3899023;2495577.032764;2079174.6292349;1914118.8537452;2565004.4508949;2464429.0718594;1100307.5522761;3270581.1529935;2225532.0681475;5303116.8372359;4132225.026689;3347750.4627156;3608346.1966827;3035775.0162008;2260808.5309182;2358221.7084375;2677245.4720717;1510925.2777086;1519964.741949;1884226.1527946;5788382.3737087;4806738.2867194;4947940.9264958;3679082.5029414;2957865.7595043;1877826.9652309;2174153.4764285;2574002.4404349;2335668.7397596;1663608.5748931;2142457.8735602;4483329.6656026;4035901.8169296;4134894.7551516;3230942.5132624;1794794.5334352;2150305.314333;2663142.3999973;2468727.6490453;1378194.9748504;2116134.8775881;4634238.4696627;4146518.5048371;4273981.4700914;3817071.6867817;2057214.1476251;1706699.8674809;1890631.9140816;2477684.4260936;1405702.7480276;2179323.4480923;4271827.0907745;4169645.7040824;4114297.3732576;4052560.2453441;2968071.3136375;3240319.137943;2506830.2908835;1864265.4729478;1368508.1403313;2037261.6831111;4626130.6705167;4970842.8223201;5139819.1369364;2428149.2630034;1856464.6625424;2357713.9749298;2826892.2386302;1311081.8304141;1937037.6248772;4823108.6481373;5316357.6560732;4721655.732796;3496385.7764186;2541243.4775819;2803705.8270872;2928666.0747074;1851549.3953187;1478957.4495155;4905683.5685926;5849747.3008695;3207908.0512029;5073819.5069572;3023931.375051;2398401.1396508;2302210.2814789;1235078.0268101;916132.42799887;4499528.8731556;5238538.9735529;4257306.3072075;3204627.8015338;2761882.4150264;1766681.535037;1245894.0000125;1158156.201309;4440228.7960631;4848857.2921483;4678688.152506;3931942.092028;3361564.0525422;1510706.3861563;1254361.2678103;970787.81672938;2324264.502407;1619968.8531242;842804.50647369;973206.66459482
889.61905847343;1698909.2738807;2306059.0809374;1929372.3375987;2209809.5291659;1788291.8078986;1878629.8650778;1578090.2498302;1532509.6865561;1035178.9533591;1852370.902316;2420915.1929039;2452596.7464724;1932378.8701443;1315973.4231312;1225123.8097927;1863562.3287949;1860502.7840194;2376856.198243;1821331.7133026;728562.07429923;1068779.6947185;1541636.2812799;1366822.1664363;1424517.5704749;1715278.558833;2189521.4386607;2557770.0789221;2797964.3196776;1921993.0191855;1188755.4470336;967842.07179282;1072284.8410112;1277098.8271846;2059502.3143072;2167831.1589356;1886986.6353822;660688.63453857;844835.29183066;1908071.9000764;952572.62396188;626727.63567979;1313836.4454057;1838586.8819389;3194462.8590347;2764157.8632151;1499703.3617464;1198143.994939;891230.03261832;1026481.4947215;1047400.8406671;1792842.7373417;2292891.931665;2513686.9593865;446342.35676767;1117767.2091668;1850486.9665172;1125257.4022219;1258310.2046723;1527964.7095738;1374112.9560625;2719622.9134932;2818552.0809798;1284126.200701;1018226.4151437;908286.13708557;842807.37018613;1135792.8138193;2002006.8833114;2431750.8667872;2576626.5591598;430850.54270555;607263.88803588;950303.22527732;1458858.0603635;653482.74340739;1319030.2128531;1048702.4105681;1674022.1631765;2848575.7993192;1877157.6820835;1521539.9283392;888143.70464137;983288.97923592;826286.83809869;855184.45177574;1605893.7832803;1301128.2505662;1500381.8381531;444322.43648994;469469.06641249;1073797.5999705;1344482.9868742;612923.290972;1158903.8672724;1153881.7110437;2271302.7806672;3238084.0707719;1983067.2077384;2357953.0935699;893366.88039111;775070.34661197;898857.94948076;1029455.7052836;1724680.8669139;1548697.9721374;1252670.3820808;298955.51890113;375052.40423667;1343174.4355761;1040562.354938;650721.26791908;1305809.2476581;1740358.2756685;2219469.5663334;2280461.4065525;2283949.6957765;2183083.2412305;1956413.9088538;854905.65955507;694484.55049637;903357.57894349;2253399.3874503;3241437.6738184;2387967.8710403;742853.54014074;1073404.8271649;1215560.7669723;1881759.328386;1648812.5432205;2519553.6864811;817951.63283715;1996153.261325;2608974.0228769;2296210.6493555;1212138.2318809;677802.53890123;719132.32102395;1070520.5983346;2416984.4762816;1264311.3887521;1265022.4165571;1200630.3727744;2310728.6062113;2479965.6110235;2849635.2615855;1868288.3032233;2054830.5318528;1381447.8142842;2120665.8545821;2039015.9837134;852404.31150358;598391.06942845;1019136.3994135;1487838.7151247;1069959.5311426;1156955.2088141;1849257.7359978;2738119.5717345;2856573.41198;2324880.6470918;1484853.6730696;1493900.6145771;1784586.6815259;1222914.4026595;1082561.8651008;484369.66404017;893427.2854724;1503033.9454247;1044980.6965629;2445159.7243012;2628850.1326668;3049301.6546736;1915686.4180136;1567497.578292;1355030.2607829;1352198.939814;1625012.3155154;1358933.4400265;917594.43744592;730514.47292414;1496937.6370781;961788.53454368;2341384.5785214;2082116.1354566;1565150.6198948;1232893.5384806;1270945.3363427;1109061.2322617;1024981.2104339;1353968.967354;1269915.3996515;572300.35879034;1762092.9664884;1166646.6898703;2854247.7248792;2247500.517283;1762190.9277213;1861873.5159631;1577954.7918046;1231874.800099;1249164.7377155;1382317.0127671;775744.87382997;767379.07118892;987444.17357904;3044954.4687024;2647242.7443246;2658552.7119512;1918738.6858157;1661026.6028233;1029336.4679925;1153665.2542802;1365566.8649657;1282156.301195;894838.2673149;1104349.8609604;2467300.5515192;2145053.9126679;2249012.1629763;1712865.3875363;987438.89166972;1110104.4804086;1402579.9602926;1282828.0394987;700201.76346;1093515.6246476;2514973.5726511;2188363.5625108;2302713.7591996;2059811.6890316;1081637.295787;886149.54535342;1039757.6816174;1358687.1292194;719073.48424295;1169165.3612143;2316083.5744954;2249190.6787505;2299009.1496308;2156987.1317892;1676182.0745236;1718000.4099702;1321489.6569877;991948.24190446;758016.72059235;1058190.7893443;2485566.0022357;2657609.1373012;2814838.919896;1332222.9060433;967662.54943783;1198616.1764331;1504619.2438532;682188.37677008;1052825.810117;2626786.6465298;2846112.5305263;2649822.5252323;1836774.3702422;1372646.153529;1454532.0769137;1554291.5281773;970229.68295269;751112.22942873;2737587.1557094;3135291.9677284;1709609.6692809;2799425.632098;1594812.8452654;1271377.8716197;1204812.3960017;656179.25511196;492143.42171745;2464704.3166132;2877592.9700009;2280560.0426158;1704220.5752105;1437833.0638204;953463.68948122;664917.30126314;621479.47306104;2385388.7150687;2570237.8811566;2502127.4125013;2161879.2603019;1777647.5056557;805742.39137104;673080.49534713;532295.65307304;1219049.9891704;767993.98950877;455996.93077485;495666.26068088
890.63216329897;533518.99476695;840663.85173108;663450.75418243;782680.13157577;619611.38686379;622069.29465789;502839.01802896;475729.34979581;272162.37387912;600969.55462903;798722.74834566;856173.71396142;670016.400368;514996.23385431;463295.68336004;665658.95916744;627992.48670112;787157.54771244;551167.87045142;252424.6143749;354555.22058177;501535.36594392;489984.85155706;504350.3640392;600295.65522095;770262.89903979;827766.12628219;912442.6948643;692518.23054278;462899.23453572;403958.89265722;293559.51795344;459835.07570076;697248.01383419;753375.45556593;712371.61816244;207990.09553514;228749.61319138;647029.55785374;278861.68013745;129427.79528626;394665.44376912;630031.80967923;1077674.1060944;879552.10260612;438555.46239319;453498.65527693;313133.35780114;318614.27498193;226671.91849924;623202.17591231;785249.43580234;875592.32412139;129632.20607819;273895.88584656;631278.72695684;421122.01227562;423754.13280121;545744.66999561;459435.54097266;935215.93916745;957857.98799266;396945.09770348;331879.79143991;334570.74921277;306816.71119593;290954.03664761;708449.21405567;859789.1488821;901562.29501194;131523.26950907;202519.61813154;288401.88444323;502621.42434984;185553.64735433;390222.96914309;357540.5006514;594566.7235458;987839.05200801;661817.11850567;570348.58039818;282921.74708368;441335.79310915;326877.39563696;292284.34077579;546988.25491618;435321.81747016;556641.32426833;168015.00816572;136157.62163104;349998.94275802;445879.84074506;155704.52403671;332414.62394977;380962.5554076;794130.40505641;1051838.9333759;685963.27307481;849268.37649561;265076.31838215;256042.1643244;326511.74538185;310355.96441981;599185.55812447;522867.47719145;366608.00533137;111151.54700322;135617.50732735;440456.81819052;340656.59332958;163152.46569957;489211.75973703;655046.75075377;794041.21023157;796568.41164266;836711.5190879;772739.38030047;733962.89461652;280650.2898927;172886.15752342;344470.62674731;822238.83034272;1033154.3406534;779742.80701097;200925.32342369;343816.97695938;447017.09671034;654930.63957351;561359.90931641;913046.83812904;201331.01422232;711283.06240292;911674.83373004;809256.58537219;429800.39944344;268924.99063753;235561.14179356;359050.80919592;856301.56187948;386728.3671908;365504.36642057;415948.39291185;845537.44086477;820632.36089626;984069.48052819;663731.21512742;724372.45159836;429289.65101119;756860.28049892;748236.14920322;301219.12687326;219954.23299329;331577.39504579;510800.77125441;390603.13700593;378212.48077668;675276.38998158;985951.1607089;931720.15269408;799100.01446515;476722.87987984;480235.77726059;633704.93308311;364685.13591461;364655.89962795;160804.79028479;264452.68088911;518007.43360817;339599.91765175;888119.77438373;998416.68733944;1046932.5871371;671968.68849902;536192.42340794;457013.80516934;490444.41461463;531927.72638873;465824.35129438;344128.33732791;296607.31290578;536055.98602367;299911.56210312;804865.59564002;708726.51658955;473922.10516578;382775.2064658;379217.41210612;336206.15064005;300096.84209818;450262.22050054;481659.44229025;201429.71404148;608588.68843559;366248.16121887;992542.86652882;782359.0050992;583351.00640964;600552.16778847;546020.77955022;396832.20425742;424670.56773418;507169.14674284;264875.54069256;226619.32138935;324507.40989112;1051844.0105713;896160.24756255;923179.19797951;713411.26261898;578992.83809751;335870.58038921;368702.92635635;504394.10294527;503431.18207425;316638.36014322;392493.92873007;858021.84310329;796643.26120928;804149.62978996;618706.18682566;265939.52511564;389168.28692844;492639.61825932;452352.70775657;258544.67033909;372323.17352986;888188.96673424;794436.73157212;817869.81323529;705427.67568423;317323.47828971;296565.49319011;325726.36011324;490302.9517363;263148.16634906;389474.4268678;785515.79774699;807459.70182333;829719.05868533;808521.62958231;562205.40844699;631403.18079035;466746.35886639;302882.35203001;276980.41729596;351132.36362641;887637.0520616;958259.9222293;1005125.8283588;407188.13471783;323412.1750409;401536.10921857;481182.57332029;242988.08546208;407439.45852963;893983.3627696;1025419.1829127;963891.78232075;637409.96487098;465961.81570405;560054.24874813;558050.07306692;337537.46712238;277520.02111682;951581.13510392;1128184.8076403;555739.78744126;967288.04654288;603204.2908709;420803.53812262;391121.08945562;211565.70792273;170843.01608076;883650.64019565;1021044.2141421;815976.26360061;554603.91220326;523798.29334301;301320.88924046;257321.81184628;199218.41084518;852106.9806432;940123.00895988;905960.02995925;778908.12971259;670437.47897778;237692.32355353;242680.85875744;166389.59136977;400506.36824799;287213.60190818;156754.82971603;201666.91453916
891.63477982576;200603.57310958;283047.50327982;278505.58933442;223655.93978314;263531.90032745;280514.23614813;221523.49035043;205669.14486533;126002.831336;289706.66830992;239578.26467303;339212.20306268;298918.88842388;222533.41863031;167988.83111408;271884.04899771;266557.79475929;361589.8149821;228631.49286413;111859.11675862;181612.52982012;242576.43105436;207814.04144619;183453.06165141;246827.68146169;332260.40614557;365078.46343984;414129.11179038;302590.04518906;189980.17797589;151003.68552857;159942.28065228;205773.26561098;281448.88270115;289481.16763377;189444.29847872;63851.925019719;109835.68845175;307015.6927434;131397.56707249;90045.553437193;180274.00633893;223951.20609496;452302.19078193;398606.78843636;198718.63331395;170831.48301586;159120.75690605;147154.33929174;105903.00666473;261779.00315016;313858.02896792;373188.85499529;31347.274235296;132842.55448886;246048.23451607;168852.52087805;151152.18435566;229122.89042363;184346.82025976;407478.59545068;379060.26842016;179043.76737944;151297.0443609;112781.92920837;118542.3799398;132531.48274972;269839.26874166;387278.80031712;383819.71460917;35433.414078095;66422.924738797;139105.25361964;207705.0026115;49884.638233249;118611.90519014;144057.9983803;268767.18975621;451730.64214729;312747.88131364;248952.87224775;129433.96902969;139391.58754028;95047.891670166;118062.20134088;208415.73885994;206433.79642495;191650.59323281;50938.335801096;64325.914304488;157678.07990214;167057.13887597;80765.862793968;154195.27356277;121991.35718873;328947.57951399;444028.40640134;284234.42231168;329934.93157516;92067.429976347;108021.71696998;135829.71903602;145159.41490989;260487.79204148;226120.75504988;190606.77082904;54910.623624138;38811.660307579;186148.07357868;97177.452486143;84363.019967513;174058.58831811;252799.94258528;303196.81929394;324553.46321996;370139.95470219;326025.41042906;318409.22295768;83311.79330881;102954.82895381;137299.23578747;353844.03315101;395057.30573819;340822.47572774;79602.140558198;116633.09809509;191741.21117436;285838.49742913;246053.74678582;277889.84578376;92221.919662168;320883.17950567;464622.01042709;354440.86239508;206035.55062199;118723.54376972;77169.530190133;156664.75502841;364414.05285427;172996.4178392;109606.02598825;97153.902960605;379011.7161394;395449.22023241;452392.15174066;262387.49942636;324167.19498844;189287.60067161;357814.53186999;315317.35512444;137251.7013536;92661.607909705;104311.83562259;213663.9953087;151048.23700626;144292.65237399;302065.23039921;431521.81822299;414495.84408;325745.08790416;190699.17122554;155144.87914534;278773.57949837;156472.55296433;124649.06353321;75652.322097739;136474.4769211;226299.9903632;94784.09063853;439182.49506156;344480.52491585;433978.16365897;277058.31844225;226131.24130228;146064.20228005;202322.30962655;233134.3119894;205251.44393134;79550.39391635;73100.547701104;223849.91618836;89642.925397436;354876.33622991;305452.03063725;228893.77706322;172596.23404663;107013.3788404;130448.63095114;103317.57285365;182642.87059548;213455.81714685;59252.458225839;275062.67860462;170825.48871864;451593.06651516;329052.44871227;261441.22881319;182245.89042368;242202.84707725;167626.50017642;138022.63459494;228406.74324476;93374.002234049;115665.23039918;99841.034780038;412890.89963903;414093.46366498;393823.9209802;285188.46660772;185892.11049159;100426.53711774;112879.64656742;202792.07740757;218423.19398244;87894.492500457;135015.80379853;372751.34617648;236061.54283727;349887.49484457;297422.4288925;112198.56895;178430.32655303;145851.59210332;231450.92633917;101969.53481671;167902.79541325;400556.45723976;341999.70977686;378975.50622438;298000.2397584;124621.11594363;134962.77560533;112429.09912924;204649.77138811;80716.695617519;175510.98222788;334501.82491646;351141.25594162;372900.86177307;357213.23663103;192542.58420196;270590.037249;137244.7825463;127162.2850103;65557.278784783;118412.66337244;326195.64738738;460821.48152219;412333.22996002;177485.27363238;138883.84740064;138936.05765615;229751.61034489;64291.856796197;176257.88701492;406903.45881497;441286.20257605;410952.84482867;285035.30115362;220948.00778136;229982.92121975;271634.31592196;154014.1953892;86879.429313493;438726.81859906;530571.65665758;236862.49303822;433807.66947345;276430.26142524;191179.24378933;174056.5553614;98662.989710408;83653.924712404;405535.30746976;476535.54494286;380598.81797393;259562.79158649;228363.40070862;111022.61527467;81808.270688999;90370.775007661;363741.61622322;425637.46228568;400894.16282098;346873.21985659;287685.81457052;122712.11257396;113389.37886744;52726.688120492;214830.15538924;129086.33324245;54488.755580557;38928.068434476
904.60995474699;825462.59183664;1445450.8787433;1173666.8718327;1446153.2153341;976657.33973105;1024189.9175694;809402.72338252;842701.63998403;573470.53830514;1014445.1460905;1406232.7987231;1566906.1473632;1158285.2921123;594760.1561458;606974.94688062;1096868.2487687;1094347.6650834;1578879.1751618;970087.43780905;349774.28963828;507906.38549351;812952.00417579;672131.34082515;686161.51785121;888450.74052911;1086649.7226844;1566144.2898867;1432336.6668875;891476.35393932;586739.04408352;477676.49943566;527282.52329188;715152.07411954;1074513.6426673;1271970.2824756;1097993.1605505;307684.17863806;305164.89237274;891519.75326523;513747.98853045;459257.84685048;784953.4590502;1000920.4361673;1661632.6276137;1499253.4519184;790917.13668711;598193.60565988;487333.56158516;503844.8742559;502232.17545664;995685.47261993;1353027.7515732;1591880.291697;197877.45280754;484149.30899572;1005233.6850238;602556.82662529;682588.8050519;958477.03308128;718696.82337654;1538807.6491888;1601521.2906475;639581.89411945;548552.30382874;458062.05609944;468053.0532614;515706.81447489;1079957.0214803;1573605.7625064;1650766.42088;194399.10021159;269151.58045632;368775.04470353;789944.30525184;379339.76239334;726856.04267358;703460.12167869;892781.33714253;1584602.8049982;1042032.8356623;765044.1509666;516528.61486651;534326.36170307;522576.12060481;504322.89055862;877404.0233492;715156.39857813;894516.0620985;207355.25370246;205740.75155533;537416.56022257;671163.94257552;318682.63821279;697512.46109294;616850.63328562;1280183.6086718;1960767.6770474;1085208.8000232;1368005.8311467;554428.93816193;395330.58899509;486451.81344869;605733.32184277;955230.02241739;821470.1295225;657189.56149372;148327.44298471;195948.5662433;651323.17655572;599292.82888722;434291.02362842;766796.41514691;1076384.1935208;1308134.7311757;1379720.1477308;1276731.0187995;1124750.0957951;1035185.7756756;481498.47494888;362951.62049557;480514.79711896;1242061.6359202;2047365.3783852;1480620.8249835;462936.1347076;549949.50737662;653983.51084188;1053251.0054801;1030199.1905612;1622447.2071463;558925.72388261;1205450.0063873;1522943.0798716;1263329.2889989;636781.21320066;414408.04020514;377490.60276201;614580.16149999;1381302.5307786;748630.37414966;642917.74715825;699990.28880843;1432781.2413755;1717829.5090465;2047656.3856206;1210146.8892579;1189767.5412664;730883.1652221;1073213.0349809;1024475.8513562;499080.57448128;400995.68556374;624409.81098236;818008.59703586;670181.75800425;742926.21993349;1050896.1555698;1842124.0640434;2005481.355866;1414986.5814623;791911.98310082;838020.29279893;1001048.551944;562610.60051961;564350.9833878;334508.60430449;431754.10627754;824597.14426006;629961.81791184;1487815.1434745;1819851.208772;2133204.4491397;1288440.9167371;905362.19754853;821343.79152509;796282.53617779;854522.47303334;657831.4370148;434430.07337092;463834.0879489;820501.75925694;492100.25162097;1490092.3986411;1378034.115315;985482.2322097;838297.42616696;775838.75924587;559193.23135089;524195.78693041;704809.60475638;606817.05773119;357752.12797669;1030097.9470401;671396.21488463;1731238.8818443;1410074.9769006;1031105.5215616;1157417.6214739;930743.19766405;734039.93658636;671902.04144283;700967.57448768;433584.12055534;453001.51335427;537692.36627914;2014247.136412;1657869.9808418;1630632.8652837;1070261.7059428;915257.17812409;625947.65786932;629570.7411384;689912.88486296;658380.18416527;487726.978408;612189.39924086;1507753.5133658;1271097.4268958;1274527.1526476;1076251.4469318;598340.39325199;668670.39029502;726379.04508335;645436.68846238;427526.87227695;625783.98525304;1470976.7888304;1435010.296703;1331554.0449887;1153146.2358438;545408.29583104;565476.29851624;532927.79255921;676272.80346609;383310.09687804;659057.26478948;1441014.3778381;1353433.7209571;1335379.2670852;1346679.3124221;937830.25938412;1093290.7359425;836716.51838411;450470.63780215;433294.87712535;556168.24798215;1551123.0113717;1567180.7505164;1717366.7314109;666407.66004002;623964.94247456;661250.10633821;822946.75654959;429858.04351805;579656.69331539;1688044.213328;1733233.3942388;1599790.870348;1116524.6231777;737274.38604395;842518.70734542;802990.23064346;519642.88348029;476787.912863;1677650.5275326;1910007.7907352;971889.10307706;1643202.057835;877021.11001656;712443.14585338;717539.01631968;317233.22676109;267958.24392047;1525842.5360538;1738015.0413023;1306125.999176;878441.94378993;778922.13286831;521044.57336039;388219.05120613;330791.32996765;1336529.1729481;1501351.04958;1412057.1607529;1180443.0459931;977150.28960182;437264.25161003;422573.44137891;316956.97408067;650885.39680446;481033.18640192;281182.147805;326725.0345842
906.62620518603;342918.1898408;740631.3105688;508108.45422597;622090.10029243;495187.88737478;542071.56002215;388091.02970436;381434.46925284;287346.52491808;505756.52317182;788588.18218739;766778.9898097;561916.73783665;332988.62574307;352248.11893056;592131.46635837;553147.25128938;758557.33533074;458126.23283427;229225.98194824;261452.21051637;398237.75778811;342012.59377175;316671.57350249;395599.89976937;566098.27997393;744020.51078058;608427.19619823;441228.9861762;316203.64407512;262365.89521263;267736.58765723;383196.47208242;569982.0184254;617531.59559457;523065.99133022;157410.1799151;132860.21296345;473037.3884841;206953.34204339;195125.231582;391354.23828699;437099.40531685;741409.56835724;791877.70397361;368337.2903592;311980.92687346;253192.25436597;256986.38864965;251261.08919694;522753.94153904;693513.56921621;778244.7597813;117019.4401039;205592.04449048;473163.45504296;300177.13478191;371210.93203427;463541.70167062;300356.12006234;856676.37224926;859465.67362283;326926.4767117;324273.82628559;238212.75938261;258063.53555086;210788.28268258;587921.70826022;749092.40501172;805666.44900036;116192.20722375;107011.34589102;183934.45671505;361397.17092935;176336.51535935;352750.9760827;332095.2239716;429668.66323262;823724.25489653;548593.20024673;452662.60765525;286450.91381488;305528.13723235;275072.53897712;267364.56959041;442396.90100823;388881.61977797;432143.14236946;140464.43654881;104693.7381143;290918.27005756;365456.62797834;152612.66992033;319571.65277974;307550.91224041;627150.10734452;927919.71255079;573954.23904544;740333.28322436;280810.59583189;253627.40596498;220064.23912509;325613.08041834;506733.64607417;429734.85628116;307235.83725159;75954.120598977;106681.412769;335377.86304673;307679.64679291;213593.14582332;356503.31014783;555151.17957633;666728.13395823;715258.0557153;691680.52113395;664541.09834844;594961.05044655;288010.88216735;200351.89210393;280366.79456698;701420.49095605;1062535.4988478;690107.40698042;217553.4769565;275613.96658141;333479.67529887;531034.45384009;501823.46968265;813936.04588125;268835.76248603;682418.64629583;936268.18262007;740485.57960619;413440.29462146;201520.5760202;218600.40552727;355706.50582367;773416.38322128;362111.48340448;343896.04409942;362114.76042111;718186.61482596;873299.24683495;1062902.3036417;622418.68835169;649865.04282065;442757.95730563;644362.39011834;574812.50128196;271214.82812731;195300.98894885;327583.24251777;392205.42407164;366575.84354531;425533.18263264;612698.18315593;993837.52325302;976870.93796037;713877.11427589;394866.50552251;476111.83073422;567116.18488358;288902.41935131;274776.43764191;197641.614286;226936.83372941;452112.50504191;324763.53260843;868328.21769776;998564.06674065;1099310.5209721;639684.45197119;501752.27826941;419440.1468869;449345.49682465;498607.30739792;400246.17799407;260052.07017176;277627.60115491;494734.76464634;277458.73041433;857713.59238842;754544.54239756;497583.33115538;457153.72012959;297985.41055985;305308.75622421;315631.07049594;401168.55396693;350108.00613326;206335.53409493;515386.21331819;378002.80320002;954371.59231076;722996.37822364;561698.14107423;608896.3502386;481179.20783072;431652.72273066;352579.00608391;430300.0054028;248112.6513873;239739.52987232;324326.41512069;1128804.7470315;931850.59727592;874177.83215526;613139.99580923;501465.73764814;367157.83571887;356770.4179186;412724.14383004;412090.2016529;246140.66487289;306956.05822976;804899.25402243;745777.99004221;751419.77457921;594161.84471854;306333.83468877;378914.95523059;500216.05175344;399198.46001619;188020.07895299;321117.17130734;788850.34991101;807088.52610874;728016.04507324;605451.52468193;314291.69488555;331980.58936367;335189.15555994;384064.43862505;256490.931562;335767.83595877;758176.35271271;792100.29872894;819770.80630753;783474.20163625;525597.67401305;589998.84270677;460979.29408545;259111.41884425;259117.41686102;295443.79357345;891301.62864602;984859.46175951;960269.79645922;344217.18087433;343900.10887736;386858.82995846;453038.97597774;262158.0181193;304773.21267465;903783.41630108;976752.67009686;940545.20610912;590197.42238805;424846.43449164;486256.27609099;501351.38972851;299277.7200321;234532.8495774;954849.29440168;1135213.1691455;559573.12807377;881978.86683863;532777.99336094;431217.40537441;399564.81897366;204867.42391673;179068.14827552;919908.21881706;1071162.3386255;764450.99068113;497928.14593526;457551.87431746;308953.32529694;244742.0335606;185481.42220998;814548.34017118;911956.8083712;849344.92175725;696042.67316637;620089.80626268;258630.30077945;233955.46056875;177836.33038434;414704.90394144;259316.72009881;163346.07018238;192752.56371834
907.62917930448;205410.0871206;407131.00793344;310017.58424509;321142.55025125;281915.52375129;319212.25469731;231686.52617307;210918.11916865;178842.93861852;247284.73490864;375431.53916513;423026.94225214;327518.70078017;178179.02647572;195305.57203277;310648.26262716;306470.7960373;459258.57174034;268532.57401088;97284.371568662;123478.65258611;205044.11063841;167317.03565415;190627.36395043;229105.68807266;298271.65154156;418592.44749458;345546.09436246;240916.95625476;150132.90678819;135368.28697046;114916.54189205;207383.89117424;340732.50466723;364556.14612803;297022.42836552;71493.856049363;90546.424863418;275324.63094281;118232.90921376;128163.67701401;212401.33552091;254372.27569356;437998.368587;446124.36155915;211628.77107722;173215.45902488;122903.56666938;127781.08184834;150397.67323048;294767.50666113;375006.67811189;414947.33139439;60150.014512263;121151.57806838;259501.43159351;162739.91567403;162272.14697251;240273.95468369;215384.91475023;455677.3662883;483953.425856;197045.75028003;169353.17288704;101558.9238473;144974.22784003;135241.48193096;326632.95622509;436271.27433272;485698.10885484;37125.437535957;78404.565325207;107329.67525431;183992.91057662;109654.74982309;221469.55453922;170688.7821843;202629.62066141;446576.20303823;313888.21189007;253985.47560868;171297.06009163;144102.61623628;141743.07809881;164512.74237121;250534.7597975;226724.92162772;232228.23872634;59623.214032006;57884.087868746;155986.0914563;214283.28552729;80390.704949663;173785.03728343;153555.35813558;320894.22623545;544693.24375534;340469.07167888;434975.43520507;179228.67588015;153426.81635062;125037.12875725;159343.39001056;300839.57143907;211450.29520994;165046.91859464;47455.013892321;59805.524785442;187964.98632439;158844.34436633;99637.648296889;169514.99527498;344886.87585019;352394.74826439;399228.14030666;386264.16353265;340327.68623076;331225.77646789;177571.09170432;123141.33759669;122630.74814238;377848.93849953;562948.2144632;372805.29274528;117799.1138923;156998.14263138;173473.03443832;283274.07182895;257326.14210658;452067.41794028;212303.57388163;371643.42475674;492193.76144761;387221.40092722;238567.77754332;117986.32364596;118134.93449958;205570.37877296;425696.26274656;230122.56668781;164851.56603128;163323.13764733;425285.7246983;514072.47424588;607084.95794383;331598.73791776;363033.5106646;191942.70356254;354475.51188016;312915.83270173;126768.42667905;104732.70639108;136897.22151291;225212.15093219;154680.60827257;270003.94831679;328112.82452898;552572.54618769;544509.36031051;437043.10496923;238740.21563985;287363.4608343;321426.10631935;150148.45884717;182435.38413939;89644.360267144;133667.35161524;229283.89516891;187013.86877062;490759.55148179;543404.60515916;649098.7287521;357694.67909777;260238.51327867;199779.29599076;257333.09188828;252964.04135326;230672.5862453;144033.60860102;108693.27647325;262932.58752988;148393.4787205;505047.10440965;424419.7836187;264655.75687208;249204.90687034;210653.30295206;161196.09534135;136847.73132446;227473.18990095;193378.16091311;92868.710864294;285427.35302779;188425.45549628;520263.3132777;413113.49811842;325073.17292482;311907.70608088;289428.46232032;225511.01685714;158982.58896067;225056.09281024;97635.779378789;112715.1133204;123914.34910623;656235.32757596;507975.35088309;488841.65462844;299527.68605693;290905.78940116;198513.2838086;196342.43169663;209604.36303114;213187.03478119;115947.28886465;165104.53552851;427103.53383544;419577.82863058;461912.50480453;330725.73478163;165769.44251495;209344.50921354;233788.70985539;239710.68582947;116093.59228484;196927.56102655;431922.04880649;455910.36194536;408292.43664902;337767.3519394;156907.01198405;196745.29423392;155902.93203027;209621.64420599;124689.53946672;164186.33069248;443629.88670445;439388.10962653;426860.01985436;420627.10380736;294091.90638206;327347.91071046;252215.92125116;117748.93965203;106114.31677555;146958.20979454;475820.55863758;572229.67344709;560602.62895826;206500.89814727;185008.73013334;189964.37109405;250970.94982905;115505.54570741;176998.28454065;530123.30634878;571510.09771675;515955.29162306;316513.0768629;271547.93397555;289047.7767219;261696.51393525;141227.38808059;122425.38770174;553354.54553825;665273.1060856;312390.13553478;514277.57347163;245429.61316333;234617.64865526;273218.45969152;96517.710088794;97217.334768308;545178.16679388;596746.13137131;435138.88192822;304230.0902825;241218.89756574;153598.00850644;134084.83810223;89819.541941352;416568.21678509;509930.39367972;478738.02559758;414566.78632854;314106.92575055;113296.29898024;115894.64295444;81324.998048053;210121.59988072;160865.85859053;88133.906980896;88455.19063411
